StartChar: Amacron
Encoding: 256 256 398
Width: 695
VWidth: 999
Flags: HW
HStem: -2 33<3.625 68.0908 159.081 227.375 436.625 510.911 622.197 688.375> 241 42<241.019 440> 638 20<381.5 396.203> 738 50<226.891 483.59>
VStem: 225 261<738.239 788>
DStem2: 106.983 102 155 79 0.390001 0.920814<-30.5131 181.817 227.512 466.368> 334 638 340 555 0.390001 0.920814<-561.337 -408.806 -359.549 -74.0876> 389 658 346 555 0.338836 -0.940845<82.3371 370.098 415.035 617.154>
LayerCount: 2
Fore
Refer: 659 713 N 1 0 0 1 151 220 2
Refer: 24 65 N 1 0 0 1 0 0 3
Position2: "'cpsp' Versalabstaende 1" dx=2 dy=0 dh=5 dv=0
Colour: ff00ff
EndChar
