StartChar: Kcommaaccent
Encoding: 310 310 424
Width: 637
VWidth: 999
Flags: HW
HStem: -226 24<303.315 333.976> -123 82<308.324 373.34> -2 33<15.625 88.75 208.25 281.375 568.5 630.375> 308.927 38.408<191 247.134> 614 33<15.625 88.75 208.25 281.375 403.625 453.93 542.494 618.375>
VStem: 106 85<43.3808 308.927 347.335 601.619> 375 39<-177.408 -99.958>
DStem2: 270 386 342 407 0.683941 0.729537<5.11881 281.457> 320 333 274 271 0.644226 -0.764835<-27.2066 342.109>
LayerCount: 2
Fore
Refer: 680 806 S 1 0 0 1 602 0 2
Refer: 260 75 N 1 0 0 1 0 0 3
Position2: "'cpsp' Versalabstaende 1" dx=2 dy=0 dh=5 dv=0
Colour: ff00ff
EndChar
