StartChar: Ncommaaccent
Encoding: 325 325 439
Width: 699
VWidth: 999
Flags: W
HStem: -226 24<309.315 339.976> -123 82<314.324 379.34> -10 21<574 589> -2 33<11.625 79.4561 172.141 241.375> 614 33<19.625 66.784 465.625 534.859 627.544 695.375>
VStem: 102 49<48.1359 487.989> 381 39<-177.408 -99.958> 556 49<155.008 596.864>
DStem2: 158 645 193 455 0.620566 -0.784154<123.916 626.745>
LayerCount: 2
Fore
Refer: 680 806 N 1 0 0 1 608 0 2
Refer: 263 78 N 1 0 0 1 0 0 3
Position2: "'cpsp' Versalabstaende 1" dx=2 dy=0 dh=5 dv=0
Colour: ff00ff
EndChar
