StartChar: Omegainv
Encoding: 8487 8487 1121
Width: 697
VWidth: 487
Flags: W
HStem: -7 34<265.518 425.432> 582 69<76.227 243 448 621.92>
VStem: 45 91<163.183 376.335> 555 92<169.05 379.424>
DStem2: 276 637 243 582 0.0618966 0.998083<-109.323 -56.9371> 424 508 452 534 0.0623783 -0.998053<-72.3588 -19.9443>
LayerCount: 2
Fore
Refer: 711 937 S -1 0 0 -1 697 651 3
Colour: ff00ff
EndChar
