StartChar: Oslashacute
Encoding: 510 510 579
Width: 702
VWidth: 999
Flags: W
HStem: -13 21<98.5 124.193> -10 36<287.252 445.886> 622 36<258.76 417.86> 638 20<574.756 600.5> 698 122
VStem: 37 96<199.246 446.734> 253 201 570 96<196.263 451.706>
DStem2: 72 19 108 -13 0.629268 0.777188<-6.99464 829.327>
LayerCount: 2
Fore
Refer: 2437 58201 N 1 0 0 1 549 127 2
Refer: 367 216 N 1 0 0 1 0 0 3
LCarets2: 1 0
Colour: ff00ff
EndChar
