StartChar: Yen.fitted
Encoding: 1114125 -1 2705
Width: 536
VWidth: 999
Flags: W
HStem: -2 33<132.625 205.75 324.25 397.375> 134 41<76.0149 455> 242 42<76.0149 455> 570 33<2 46.1983 145.005 190 377 424.994 479.505 530.987>
VStem: 223 84<43.3808 265>
DStem2: 287 316 79 509 0.538709 -0.842492<-276.689 -4.99014> 287 316 307 265 0.519947 0.854199<0 275.582>
LayerCount: 2
Fore
Refer: 1368 57371 N 1 0 0 1 0 0 3
Comment: "."
EndChar
