StartChar: adieresis.sc
Encoding: 1114199 -1 2779
Width: 541
VWidth: 999
Flags: W
HStem: -2 33<6.625 57.5919 125.897 175.375 333.625 381.127 480.979 534.375> 152 34<176.998 335> 526 95<150.016 227.984 319.016 396.984>
VStem: 142 94<533.394 613.312> 311 94<533.394 613.312>
DStem2: 95 105 135 98 0.393608 0.919278<-44.9602 76.0478 114.019 323.265> 297.25 481.25 255 389 0.377414 -0.926045<69.4819 287.662 323.677 437.397>
LayerCount: 2
Fore
Refer: 1905 57460 N 1 0 0 1 0 0 3
Comment: "."
EndChar
