StartChar: afii10027
Encoding: 1049 1049 78
Width: 710
VWidth: 999
Flags: W
HStem: -2 33<15.625 88.75 208.25 281.375 422.625 495.75 615.25 688.375> 614 33<15.625 88.75 208.25 281.375 422.625 495.75 615.25 688.375> 697 31<305.585 396.415>
VStem: 106 85<43.3808 601.619> 226 69<734.873 803.004> 407 69<736.589 803.004> 513 85<43.3808 601.619>
DStem2: 208.693 178 222.351 125 0.626328 0.779559<-19.5066 424.152>
LayerCount: 2
Fore
Refer: 2444 58208 S 1 0 0 1 541 -1 2
Refer: 77 1048 N 1 0 0 1 0 0 3
LCarets2: 1 0
Colour: ff00ff
EndChar
