StartChar: afii10109
Encoding: 1116 1116 805
Width: 502
VWidth: 999
Flags: W
HStem: -2 33<31.625 93.875 197.875 251.375 436.698 487.375> 209 35<186 249.369> 368 70<354.64 442.029> 398 33<31.625 93.875 197.875 251.375>
VStem: 107 79<40.8314 209 244 388.604>
DStem2: 375 158 290 141 0.431101 -0.902304<-70.9488 144.641>
LayerCount: 2
Fore
Refer: 670 769 S 1 0 0 1 452 -37 2
Refer: 786 1082 N 1 0 0 1 0 0 3
LCarets2: 1 0
Colour: ff00ff
EndChar
