StartChar: afii10075
Encoding: 1081 1081 785
Width: 586
VWidth: 999
Flags: W
HStem: -2 33<31.625 95.2627 319.625 377.016 490.737 554.375> 398 33<31.625 95.2627 208.984 266.375 490.737 554.375> 503 31<254.971 329.548>
VStem: 112 79<63.8766 384.923> 171 73<540.553 619.612> 340 73<541.079 620.243> 395 79<44.0771 363.204>
DStem2: 197.995 63.0127 231.555 52.25 0.447374 0.894347<0.0287104 355.051>
LayerCount: 2
Fore
Refer: 2445 58209 S 1 0 0 1 504 0 2
Refer: 784 1080 N 1 0 0 1 0 0 3
LCarets2: 1 0
Colour: ff00ff
EndChar
