StartChar: aleph
Encoding: 8501 8501 2124
Width: 481
Flags: W
HStem: -9 21<406 423> 0 15<30.1724 54.6997>
VStem: 33 50<162.5 282.23> 43 47<489.094 538.535> 70 112<18.7969 117.015> 407 47<26.457 49.1133>
DStem2: 115 485 81 385 0.671558 -0.740952<-26.6764 98.2691 114.617 527.07>
LayerCount: 2
Fore
Refer: 2090 1488 N 1 0 0 1 0 0 2
Validated: 32773
Colour: ff00ff
EndChar
