StartChar: c_k
Encoding: 1114150 -1 2730
Width: 851
VWidth: 999
Flags: W
HStem: -10 45<196.053 310.394> -2 33<407.625 447.625 547.625 592.375 784.737 848.375> 212 25<535 558.844> 398 33<644.625 683.361 753.237 830.375> 405 34<178.521 275.03> 641 30<390.065 448.38> 678 20<515.5 532.5>
VStem: 37 86<123.197 318.375> 296 83<303.934 388.533> 458 79<37.1609 212 237 635.885> 535 2<212 237>
DStem2: 642 246 594 176 0.560213 -0.828349<-14.203 234.482>
LayerCount: 2
Fore
Refer: 1860 57402 N 1 0 0 1 0 0 3
Comment: "."
EndChar
