StartChar: ccedilla.sc
Encoding: 1114202 -1 2782
Width: 492
VWidth: 714
Flags: W
HStem: -200 29<186.047 286.231> -96 32<261.31 291.355> -10 38<214.739 365.631> 437 33<203.922 350.39>
VStem: 37 87<130.521 330.532> 296 62<-165.259 -97.4563> 416 30<322.73 367.702>
DStem2: 212 -96 261 -67 0.384615 0.923077<45.6154 104>
LayerCount: 2
Fore
Refer: 1908 57463 N 1 0 0 1 0 0 3
Comment: "."
EndChar
