StartChar: eight.fitted
Encoding: 1114122 -1 2702
Width: 469
VWidth: 487
Flags: W
HStem: -10 35<169.041 297.721> 575 35<178.275 293.01>
VStem: 48 67<72.2134 222.467> 73 71<427.729 541.867> 325 70<426.096 548.908> 348 73<84.6707 214.138>
DStem2: 214 386 161 337 0.840967 -0.541087<-88.1766 12.0441 36.4032 43.5341 70.4195 202.471>
LayerCount: 2
Fore
Refer: 1461 57368 N 1 0 0 1 0 0 3
Comment: "."
EndChar
