StartChar: eight.taboldstyle
Encoding: 1114299 -1 2879
Width: 465
VWidth: 487
Flags: W
HStem: -10 35<167.041 295.721> 575 35<176.275 291.01>
VStem: 46 67<72.2134 222.467> 71 71<427.729 541.867> 323 70<426.096 548.908> 346 73<84.6707 214.138>
DStem2: 212 386 159 337 0.840967 -0.541087<-88.1766 12.0441 36.4032 43.5341 70.4195 202.471>
LayerCount: 2
Fore
Refer: 2286 57384 S 1 0 0 1 -2 0 2
Comment: "."
EndChar
