StartChar: ellipsis
Encoding: 8230 8230 1061
Width: 749
VWidth: 487
Flags: W
HStem: -10 106<69.6687 150.319 334.669 415.319 598.669 679.319>
VStem: 57 106<2.78108 82.4969> 322 106<2.78108 82.4969> 586 106<2.78108 82.4969>
LayerCount: 2
Fore
Refer: 256 46 N 1 0 0 1 0 0 2
Refer: 256 46 N 1 0 0 1 265 0 2
Refer: 256 46 N 1 0 0 1 529 0 2
Ligature2: "'liga' Standardligaturen 1" period period period
LCarets2: 2 240 510
Colour: ff00ff
EndChar
