StartChar: exclamdbl
Encoding: 8252 8252 1065
Width: 472
VWidth: 999
Flags: W
HStem: -7 100<108.012 186.198> -5 100<292.012 370.198> 638 20<141 162.667> 640 20<325 346.667>
VStem: 97 100<4.15561 81.2822 399.177 650.535> 281 100<6.15561 83.2822 401.177 652.535>
LayerCount: 2
Fore
Refer: 0 33 N 1 0 0 1 184 2 2
Refer: 0 33 N 1 0 0 1 0 0 2
Ligature2: "'liga' Standardligaturen 1" exclam exclam
LCarets2: 1 236
Colour: ff00ff
EndChar
