StartChar: exclam_question
Encoding: 8265 8265 1068
Width: 637
VWidth: 487
Flags: W
HStem: -9 100<366.006 444.198> -7 100<108.012 186.198> 623 33<357.509 457.582> 638 20<141 162.667>
VStem: 97 100<4.15561 81.2822 399.177 650.535> 268 75<512.892 589.925> 355 100<2.12776 79.2822> 381 35<188.118 294.372> 499 85<438.713 585.815>
LayerCount: 2
Fore
Refer: 0 33 N 1 0 0 1 0 0 2
Refer: 22 63 N 1 0 0 1 202 -2 2
Ligature2: "'liga' Standardligaturen 1" exclam question
LCarets2: 1 228
Colour: ff00ff
EndChar
