StartChar: f_f_k
Encoding: 1114144 -1 2724
Width: 1061
VWidth: 999
Flags: W
HStem: -2 33<20.625 82.875 188.125 250.375 290.625 352.875 458.125 520.375 564.625 622.5 724.625 769.375 994.728 1055.38> 209 25<712 750.114> 390 39<22.0149 96 175 366 445 563> 398 33<835.625 873.739 956.445 1027.38> 650 34<224.084 307.032> 668 35<484.856 569.502> 678 20<697 709>
VStem: 96 79<39.9611 390 429 573.724> 366 79<39.9611 390 429 565.311> 635 79<39.666 209 234 589>
DStem2: 966 73 789 171 0.622392 -0.782705<-227.215 22.5165>
LayerCount: 2
Fore
Refer: 1854 57396 N 1 0 0 1 0 0 3
LCarets2: 2 277 539
Ligature2: "'liga' Standardligaturen 1" f f k
Comment: "."
EndChar
