StartChar: five.fitted
Encoding: 1114119 -1 2699
Width: 454
VWidth: 487
Flags: W
HStem: -11 35<160.28 253.615> 341 50<127.938 265.703> 533 67<146.245 369.874> 539 72<146.512 212.266 216.485 261.756 265.409 369>
VStem: 315 89<105.219 288.312>
DStem2: 72 317 127 375 0.117241 0.993104<64.0483 232.241>
LayerCount: 2
Fore
Refer: 1459 57365 N 1 0 0 1 0 0 3
Comment: "."
EndChar
