StartChar: five.oldstyle
Encoding: 1114131 -1 2711
Width: 425
VWidth: 488
Flags: W
HStem: -183 35<135.28 228.615> 169 50<102.938 240.703> 361 67<121.245 344.874> 367 72<121.512 187.266 191.485 236.756 240.409 344>
VStem: 290 89<-66.7812 116.312>
DStem2: 47 145 102 203 0.117241 0.993104<64.0483 232.241>
LayerCount: 2
Fore
Refer: 2283 57381 N 1 0 0 1 0 0 3
Comment: "."
EndChar
