StartChar: kcommaaccent
Encoding: 311 311 425
Width: 512
VWidth: 999
Flags: W
HStem: -226 24<217.315 247.976> -123 82<222.324 287.34> -2 33<15.625 73.5 175.625 220.375 445.728 506.375> 209 25<163 201.114> 398 33<286.625 324.739 407.445 478.375> 641 30<18.0654 76.3801> 678 20<143.5 160.5>
VStem: 86 79<39.666 209 234 635.885> 289 39<-177.408 -99.958>
DStem2: 417 73 240 171 0.622392 -0.782705<-227.215 22.5167>
LayerCount: 2
Fore
Refer: 680 806 N 1 0 0 1 516 0 2
Refer: 291 107 N 1 0 0 1 0 0 3
Colour: ff00ff
EndChar
