StartChar: ntilde.sc
Encoding: 1114212 -1 2792
Width: 605
VWidth: 714
Flags: HW
HStem: -12 21<468.5 482> -2 33<36.625 98.875 172.125 234.375> 429 33<46 99.6245 375.625 437.875 511.125 573.375> 527 44<324 411> 575 46<206 297> 614 10
VStem: 112 47<40.8314 339.52> 451 47<133.447 419.169>
DStem2: 188 460 195 323 0.600409 -0.799693<84.3402 408.933>
LayerCount: 2
Fore
Refer: 1918 57473 N 1 0 0 1 0 0 3
Comment: "."
EndChar
