StartChar: two.taboldstyle
Encoding: 1114293 -1 2873
Width: 465
VWidth: 488
Flags: W
HStem: 0 55<157 361.668> 395 44<137.564 266.966>
VStem: 61 34<330.417 349.428> 287 89<261.08 376.447>
DStem2: 160 126 157 55 0.714948 0.699177<-51.7864 193.154>
LayerCount: 2
Fore
Refer: 1462 57378 S 1 0 0 1 -1 0 2
Comment: "."
EndChar
