StartChar: two.fitted
Encoding: 1114116 -1 2696
Width: 478
VWidth: 487
Flags: W
HStem: 0 65<135 355.125> 429 21<90.5 109.5> 575 35<165.232 283.068>
VStem: 61 87<450.908 530.348> 321 89<375.51 538.36> 383 29<114.301 159.634>
DStem2: 166 206 209 186 0.721245 0.69268<-100.107 213.619>
LayerCount: 2
Fore
Refer: 1456 57362 N 1 0 0 1 0 0 3
Comment: "."
EndChar
