StartChar: uni04D0
Encoding: 1232 1232 106
Width: 695
VWidth: 999
Flags: HW
HStem: -2 33<3.625 68.0908 159.081 227.375 436.625 510.911 622.197 688.375> 241 42<241.019 440> 638 20<381.5 396.203> 698 31<313.585 404.415>
VStem: 234 69<735.873 804.004> 415 69<737.589 804.004>
DStem2: 106.983 102 155 79 0.390001 0.920814<-30.5131 181.817 227.512 466.368> 334 638 340 555 0.390001 0.920814<-561.337 -408.806 -359.549 -74.0876> 389 658 346 555 0.338836 -0.940845<82.3371 370.098 415.035 617.154>
LayerCount: 2
Fore
Refer: 2444 58208 N 1 0 0 1 549 0 2
Refer: 766 1040 N 1 0 0 1 0 0 3
LCarets2: 1 0
Colour: ff00ff
EndChar
