StartChar: uni04E2
Encoding: 1250 1250 1342
Width: 710
VWidth: 999
Flags: W
TeX: 57 0
HStem: -2 33<15.625 88.75 208.25 281.375 422.625 495.75 615.25 688.375> 614 33<15.625 88.75 208.25 281.375 422.625 495.75 615.25 688.375> 713 50<221.891 478.59>
VStem: 106 85<43.3808 601.619> 220 261<713.239 763> 513 85<43.3808 601.619>
DStem2: 208.693 178 222.351 125 0.626328 0.779559<-19.5066 424.152>
LayerCount: 2
Fore
Refer: 77 1048 N 1 0 0 1 0 0 3
Refer: 659 713 S 1 0 0 1 146 195 2
Colour: ff00ff
EndChar
