StartChar: uni01CA
Encoding: 458 458 527
Width: 1018
VWidth: 999
Flags: W
HStem: -172 45<698 796.319> -10 21<574 589> -2 33<11.625 79.4561 172.141 241.375> 614 33<19.625 66.784 465.625 534.859 627.544 695.375 742.625 824.5 944 1008.38>
VStem: 102 49<48.1359 487.989> 556 49<155.008 596.864> 843 85<-22.1101 600.635>
DStem2: 158 645 193 455 0.620566 -0.784154<123.916 626.745>
LayerCount: 2
Fore
Refer: 263 78 N 1 0 0 1 0 0 2
Refer: 259 74 S 1 0 0 1 702 0 2
LCarets2: 1 0
Colour: ff00ff
EndChar
