StartChar: uni04E4
Encoding: 1252 1252 1344
Width: 710
VWidth: 999
Flags: W
TeX: 57 0
HStem: -2 33<15.625 88.75 208.25 281.375 422.625 495.75 615.25 688.375> 614 33<15.625 88.75 208.25 281.375 422.625 495.75 615.25 688.375> 712 96<214.332 293.668 403.332 482.668>
VStem: 106 85<43.3808 601.619> 206 96<720.332 799.668> 395 96<720.332 799.668> 513 85<43.3808 601.619>
DStem2: 208.693 178 222.351 125 0.626328 0.779559<-19.5066 424.152>
LayerCount: 2
Fore
Refer: 2446 58210 S 1 0 0 1 587 3 2
Refer: 77 1048 N 1 0 0 1 0 0 3
Colour: ff00ff
EndChar
