StartChar: uni01F1
Encoding: 497 497 566
Width: 1289
VWidth: 999
Flags: W
HStem: -2 34<15.9238 91.0861 204.846 417.647> 0 38<849.006 1141.04> 602 43<832.269 1131> 613 34<15.9238 91.0861 206.921 373.9> 633 20<766 786.5>
VStem: 106 85<44.3649 600.097> 562 96<179.249 422.825> 746 30<499.068 531.283> 1232 31<138.699 166.836>
DStem2: 734 38 857 72 0.583791 0.811904<78.6948 685.427>
LayerCount: 2
Fore
Refer: 275 90 N 1 0 0 1 685 0 2
Refer: 27 68 N 1 0 0 1 0 0 2
LCarets2: 1 700
Colour: ff00ff
EndChar
