StartChar: uni04EE
Encoding: 1262 1262 1348
Width: 590
VWidth: 999
Flags: W
TeX: 57 0
HStem: -22 62<133 229.447> 614 33<1.46875 58.6416 176.509 232.375 383.625 442.046 535.176 587.375> 713 50<178.891 435.59>
VStem: 177 261<713.239 763>
DStem2: 188.449 534 104.469 523 0.418895 -0.908035<-63.2171 334.989> 283 136 342 161 0.367668 0.929957<-94.4248 0 103.399 485.067>
LayerCount: 2
Fore
Refer: 83 1059 N 1 0 0 1 0 0 3
Refer: 659 713 S 1 0 0 1 103 195 2
Colour: ff00ff
EndChar
