StartChar: uni01A9
Encoding: 425 425 509
Width: 592
VWidth: 999
Flags: W
HStem: -2 33<19.1931 45.7736> 0 43<103 447.482> 603 42<146 436.418> 614 32<20.0102 57.4635>
VStem: 484 33<487.372 532.547> 503 33<122.666 167.956>
DStem2: 50 52 103 43 0.680451 0.732794<29.4688 338.708> 146 603 78 576 0.621214 -0.783641<0 308.501>
LayerCount: 2
Fore
Refer: 705 931 N 1 0 0 1 0 0 2
Validated: 32769
Colour: ff00ff
EndChar
