StartChar: uni045D
Encoding: 1117 1117 806
Width: 586
VWidth: 999
Flags: W
HStem: -2 33<31.625 95.2627 319.625 377.016 490.737 554.375> 398 33<31.625 95.2627 208.984 266.375 490.737 554.375>
VStem: 112 79<63.8766 384.923> 395 79<44.0771 363.204>
DStem2: 197.995 63.0127 231.555 52.25 0.447374 0.894347<0.0287104 355.051>
LayerCount: 2
Fore
Refer: 669 768 N 1 0 0 1 424 -37 2
Refer: 784 1080 N 1 0 0 1 0 0 3
LCarets2: 1 0
Colour: ff00ff
EndChar
