StartChar: uni0229
Encoding: 553 553 616
Width: 447
VWidth: 999
Flags: W
HStem: -200 29<152.047 252.231> -96 32<227.31 257.355> -10 50<198.819 330.136> 248 34<124 318.997> 402 35<181.946 289.32>
VStem: 37 84<130.927 248 282 308.257> 262 62<-165.259 -97.4563> 319 87<257.5 366.769>
DStem2: 178 -96 227 -67 0.384615 0.923077<45.6154 104>
AnchorPoint: "top_akzent" 224 645 basechar 0
LayerCount: 2
Fore
Refer: 335 184 N 1 0 0 1 -73 0 2
Refer: 285 101 N 1 0 0 1 0 0 3
LCarets2: 1 0
Colour: ff00ff
EndChar
