StartChar: uni04DD
Encoding: 1245 1245 1339
Width: 706
VWidth: 999
Flags: W
TeX: 57 0
HStem: -2 33<11.625 63.7132 249.625 303.625 401.375 455.375 641.287 693.375> 209 35<249.042 316 389 455.958> 368 70<56.9709 144.36 560.64 648.029> 398 33<249.625 303.625 401.375 455.375> 527 95<229.016 306.984 398.016 475.984>
VStem: 221 94<534.394 614.312> 316 73<39.666 209 244 389.334> 390 94<534.394 614.312>
DStem2: 81 73 159 51 0.431101 0.902304<-52.4186 161.883> 579 158 503 141 0.431101 -0.902304<-72.3026 146.738>
CounterMasks: 1 07
LayerCount: 2
Back
Refer: 664 729 S 1 0 0 1 -8 0 2
Fore
Refer: 782 1078 N 1 0 0 1 0 0 3
Refer: 319 168 S 1 0 0 1 171 -1 2
Colour: ff00ff
EndChar
