StartChar: uni01C5
Encoding: 453 453 522
Width: 1090
VWidth: 999
Flags: W
HStem: -2 34<15.9238 91.0861 204.846 417.647> 0 34<789 978.149> 392 37<780.232 952> 613 34<15.9238 91.0861 206.921 373.9>
VStem: 106 85<44.3649 600.097> 562 96<179.249 422.825>
DStem2: 706 32 789 34 0.560999 0.827816<48.2186 438.503>
LayerCount: 2
Fore
Refer: 27 68 N 1 0 0 1 0 0 2
Refer: 496 382 N 1 0 0 1 660 0 2
LCarets2: 1 0
Colour: ff00ff
EndChar
