StartChar: uni04E5
Encoding: 1253 1253 1345
Width: 586
VWidth: 999
Flags: W
TeX: 57 0
HStem: -2 33<31.625 95.2627 319.625 377.016 490.737 554.375> 398 33<31.625 95.2627 208.984 266.375 490.737 554.375> 527 95<174.016 251.984 343.016 420.984>
VStem: 112 79<63.8766 384.923> 166 94<534.394 614.312> 335 94<534.394 614.312> 395 79<44.0771 363.204>
DStem2: 197.995 63.0127 231.555 52.25 0.447374 0.894347<0.0287104 355.051>
LayerCount: 2
Back
Refer: 664 729 S 1 0 0 1 -8 0 2
Fore
Refer: 784 1080 N 1 0 0 1 0 0 3
Refer: 319 168 S 1 0 0 1 116 -1 2
Colour: ff00ff
EndChar
