StartChar: uni0246
Encoding: 582 582 2582
Width: 557
VWidth: 999
Flags: W
HStem: -13 21<-1.5 24.193> -2 33<14.625 87.75> 0 39<198.526 426.897> 323 38<190 358.322> 605 40<199.403 397.552> 614 33<15.2578 87.75> 638 20<474.756 500.5>
VStem: 105 85<45.8954 323 361 596.13> 372 33<251.625 306.925 373.446 432.375> 444 33<498.32 539.828> 493 35<122.11 168.353>
DStem2: -28 19 8 -13 0.629268 0.777188<-6.99463 829.327>
LayerCount: 2
Fore
Refer: 28 69 N 1 0 0 1 0 0 3
Refer: 1690 824 S 1 0 0 1 610 0 2
EndChar
