StartChar: uni01E2
Encoding: 482 482 551
Width: 865
VWidth: 999
Flags: W
HStem: -2 33<3.625 66.5218 157.318 227.375 338.625 411.75> 0 39<517.719 749.897> 266 39<271 429> 323 38<513 681.322> 605 40<518.062 720.552> 614 33<291.258 354.648> 745 50<429.891 686.59>
VStem: 428 261<745.239 795> 429 84<43.3809 266 305 323 361 597.901> 695 33<251.625 306.925 373.446 432.375> 767 33<498.32 539.828> 816 35<122.11 168.353>
DStem2: 110.979 101.993 153.997 78.9922 0.461513 0.887134<-25.7488 210.118 253.946 553.627>
LayerCount: 2
Fore
Refer: 659 713 S 1 0 0 1 354 227 2
Refer: 349 198 N 1 0 0 1 0 0 3
LCarets2: 1 0
Colour: ff00ff
EndChar
