StartChar: uni0245
Encoding: 581 581 2581
Width: 658
VWidth: 487
Flags: W
HStem: -2 33<4.625 56.6532 148.882 208.375 419.625 479.307 597.619 650.531> 636 21<331.5 342>
DStem2: 309.875 518 313 634 0.375557 0.926799<-492.956 0> 473.551 111 557.531 122 0.359944 -0.932974<-436.97 61.2108>
LayerCount: 2
Fore
Refer: 698 923 S 1 0 0 1 0 0 3
EndChar
