StartChar: uni04D2
Encoding: 1234 1234 108
Width: 695
VWidth: 999
Flags: HW
HStem: -2 33<3.625 68.0908 159.081 227.375 436.625 510.911 622.197 688.375> 241 42<241.019 440> 638 20<381.5 396.203> 711 95<235.016 312.984 404.016 481.984>
VStem: 227 94<718.394 798.312> 396 94<718.394 798.312>
DStem2: 106.983 102 155 79 0.390001 0.920814<-30.5131 181.817 227.512 466.368> 334 638 340 555 0.390001 0.920814<-561.337 -408.806 -359.549 -74.0876> 389 658 346 555 0.338836 -0.940845<82.3371 370.098 415.035 617.154>
LayerCount: 2
Fore
Refer: 319 168 S 1 0 0 1 177 183 2
Refer: 766 1040 N 1 0 0 1 0 0 3
LCarets2: 1 0
Colour: ff00ff
EndChar
