StartChar: uni04F0
Encoding: 1264 1264 1349
Width: 590
VWidth: 999
Flags: W
TeX: 57 0
HStem: -22 62<133 229.447> 614 33<1.46875 58.6416 176.509 232.375 383.625 442.046 535.176 587.375> 712 96<181.332 260.668 370.332 449.668>
VStem: 173 96<720.332 799.668> 362 96<720.332 799.668>
DStem2: 188.449 534 104.469 523 0.418895 -0.908035<-63.2171 334.989> 283 136 342 161 0.367668 0.929957<-94.4248 0 103.399 485.067>
LayerCount: 2
Fore
Refer: 2446 58210 S 1 0 0 1 554 3 2
Refer: 83 1059 N 1 0 0 1 0 0 3
Colour: ff00ff
EndChar
