StartChar: uni01EE
Encoding: 494 494 563
Width: 608
VWidth: 999
Flags: W
HStem: -211 37<215 357> 605 39<141 167 167 446> 697 115
VStem: 174 244 475 89<-42 146>
DStem2: 250 252 367 288 0.48636 0.873758<88.8042 404.592>
LayerCount: 2
Fore
Refer: 2439 58203 N 1 0 0 1 480 173 2
Refer: 514 439 N 1 0 0 1 0 0 3
Validated: 32769
LCarets2: 1 0
Colour: ff00ff
EndChar
