StartChar: uni04C2
Encoding: 1218 1218 2037
Width: 706
Flags: W
HStem: -2 33<17.625 69.7132 255.625 309.625 407.375 461.375 647.287 699.375> 209 35<255.042 322 395 461.958> 368 70<62.9709 150.36 566.64 654.029> 398 33<255.625 309.625 407.375 461.375> 493 31<320.971 395.548>
VStem: 237 73<530.553 609.612> 322 73<39.666 209 244 389.334> 406 73<531.079 610.243>
DStem2: 87 73 165 51 0.431101 0.902304<-52.4186 161.883> 585 158 509 141 0.431101 -0.902304<-72.3026 146.738>
LayerCount: 2
Fore
Refer: 2445 58209 S 1 0 0 1 570 -10 2
Refer: 782 1078 N 1 0 0 1 6 0 3
Colour: ff00ff
EndChar
