StartChar: uni01C4
Encoding: 452 452 521
Width: 1267
VWidth: 999
Flags: W
HStem: -2 34<15.9238 91.0861 204.846 417.647> 0 38<827.006 1119.04> 602 43<810.269 1109> 613 34<15.9238 91.0861 206.921 373.9> 633 20<744 764.5> 697 115
VStem: 106 85<44.3649 600.097> 562 96<179.249 422.825> 724 30<499.068 531.283> 842 244 1210 31<138.699 166.836>
DStem2: 712 38 835 72 0.583791 0.811904<78.6948 685.427>
LayerCount: 2
Fore
Refer: 27 68 N 1 0 0 1 0 0 2
Refer: 495 381 N 1 0 0 1 663 0 2
LCarets2: 1 0
Colour: ff00ff
EndChar
