StartChar: uni0228
Encoding: 552 552 615
Width: 557
VWidth: 999
Flags: W
HStem: -200 29<179.047 279.231> -96 32<254.31 284.355> -2 33<14.625 87.75> 0 39<198.526 426.897> 323 38<190 358.322> 605 40<199.403 397.552> 614 33<15.2578 87.75>
VStem: 105 85<45.8954 323 361 596.13> 289 62<-165.259 -97.4563> 372 33<251.625 306.925 373.446 432.375> 444 33<498.32 539.828> 493 35<122.11 168.353>
DStem2: 205 -96 254 -67 0.384615 0.923077<45.6154 104>
AnchorPoint: "top_akzent" 273 850 basechar 0
LayerCount: 2
Fore
Refer: 335 184 N 1 0 0 1 -46 0 2
Refer: 28 69 N 1 0 0 1 0 0 3
Colour: ff00ff
EndChar
