StartChar: uni023C
Encoding: 572 572 1727
Width: 428
VWidth: 999
Flags: W
HStem: -10 49<194.596 322.53> 406 33<186.285 287.961>
VStem: 37 86<123.239 310.572> 308 87<307.358 390.405>
DStem2: 12 -2 42 -28 0.634704 0.772756<-6.86289 597.161>
LayerCount: 2
Fore
Refer: 2471 823 S 1 0 0 1 464 0 2
Refer: 283 99 N 1 0 0 1 0 0 3
Validated: 32773
Colour: ff00ff
EndChar
