StartChar: uni01DE
Encoding: 478 478 547
Width: 695
VWidth: 999
Flags: HW
HStem: -2 33<3.625 68.0908 159.081 227.375 436.625 510.911 622.197 688.375> 241 42<241.019 440> 638 20<381.5 396.203> 658 96<201.332 280.668 438.332 517.668> 800 50<236.891 493.59>
VStem: 193 96<666.332 745.668> 235 261<800.239 850> 430 96<666.332 745.668>
DStem2: 106.983 102 155 79 0.390001 0.920814<-30.5131 181.817 227.512 466.368> 334 638 340 555 0.390001 0.920814<-561.337 -408.806 -359.549 -74.0876> 389 658 346 555 0.338836 -0.940845<82.3371 370.098 415.035 617.154>
LayerCount: 2
Fore
Refer: 347 196 N 1 0 0 1 0 0 3
Refer: 659 713 S 1 0 0 1 161 282 2
LCarets2: 1 0
Colour: ff00ff
EndChar
