StartChar: uni01F3
Encoding: 499 499 568
Width: 893
VWidth: 999
Flags: W
HStem: -10 47<182.748 279.881> 0 34<610 799.149> 30 27<444.892 500.639> 392 37<601.232 773> 404 35<187.076 307.283> 641 30<267.065 327.842> 678 20<402.5 419.5>
VStem: 39 86<108.084 310.695> 345 79<80.6055 373.206 422.656 631.111>
DStem2: 527 32 610 34 0.560999 0.827816<48.2186 438.503>
LayerCount: 2
Fore
Refer: 306 122 N 1 0 0 1 481 0 2
Refer: 284 100 N 1 0 0 1 0 0 2
LCarets2: 1 0
Colour: ff00ff
EndChar
