StartChar: uni01CB
Encoding: 459 459 528
Width: 970
VWidth: 999
Flags: W
HStem: -223 44<690.5 780.844> -10 21<574 589> -2 33<11.625 79.4561 172.141 241.375> 422 20<862 880> 547 98<801.385 879.791> 614 33<19.625 66.784 465.625 534.859 627.544 695.375>
VStem: 102 49<48.1359 487.989> 556 49<155.008 596.864> 793 98<557.729 636.615> 806 79<-100.418 376.901>
DStem2: 158 645 193 455 0.620566 -0.784154<123.916 626.745>
LayerCount: 2
Fore
Refer: 263 78 N 1 0 0 1 0 0 2
Refer: 290 106 S 1 0 0 1 693 0 2
LCarets2: 1 0
Colour: ff00ff
EndChar
