StartChar: uni01F2
Encoding: 498 498 567
Width: 1107
VWidth: 999
Flags: W
HStem: -2 34<15.9238 91.0861 204.846 417.647> 0 34<812 1001.15> 392 37<803.232 975> 613 34<15.9238 91.0861 206.921 373.9>
VStem: 106 85<44.3649 600.097> 562 96<179.249 422.825>
DStem2: 729 32 812 34 0.560999 0.827816<48.2186 438.503>
LayerCount: 2
Fore
Refer: 306 122 N 1 0 0 1 683 0 2
Refer: 27 68 N 1 0 0 1 0 0 2
Colour: ff00ff
EndChar
