StartChar: uni1E94
Encoding: 7828 7828 836
Width: 604
VWidth: 999
Flags: W
HStem: -131 44<190.058 427.638> 0 38<164.006 456.037> 602 43<147.269 445.997> 633 20<81 101.5>
VStem: 61 30<499.068 531.283> 189 240<-130.948 -87> 547 31<138.699 166.836>
DStem2: 49 38 172 72 0.583791 0.811904<78.6948 685.427>
LayerCount: 2
Fore
Refer: 1688 817 S 1 0 0 1 549 0 2
Refer: 275 90 N 1 0 0 1 0 0 3
LCarets2: 1 0
Colour: ff00ff
EndChar
