StartChar: uni1F07
Encoding: 7943 7943 1476
Width: 566
VWidth: 999
Flags: W
HStem: -10 34<175.159 260.664> -10 61<447.028 523.176> 405 34<191.49 290.482> 682 46<253.057 336.647> 728 47<145.034 231.184>
VStem: 34 84<88.341 312.346> 111 22<685.409 704.243> 349 22<752.939 770.227>
DStem2: 382.79 304 354 243 0.228903 -0.973449<-88.9133 -21.7431 168.742 257.747>
LayerCount: 2
Fore
Refer: 1493 8159 S 1 0 0 1 61 -13 2
Refer: 719 945 N 1 0 0 1 0 0 3
Validated: 32769
Colour: ff00ff
EndChar
