StartChar: uni1E29
Encoding: 7721 7721 170
Width: 538
VWidth: 999
Flags: W
HStem: -200 29<40.047 140.231> -96 32<115.31 145.355> -2 33<14.8555 74.8652 177.846 230.145 312.188 364.637 469.435 525.812> 387 52<251.766 355.581> 641 30<20.0654 73.2832> 678 20<145.5 162.5>
VStem: 88 79<40.3963 331.447 358 632.655> 150 62<-165.259 -97.4563> 377 79<40.3691 365.453>
DStem2: 66 -96 115 -67 0.384615 0.923077<45.6154 104>
LayerCount: 2
Fore
Refer: 335 184 N 1 0 0 1 -185 0 2
Refer: 288 104 N 1 0 0 1 0 0 3
LCarets2: 1 0
Colour: ff00ff
EndChar
