StartChar: uni1F80
Encoding: 8064 8064 1547
Width: 566
Flags: W
HStem: -220 40<283.874 333.99> -10 34<175.159 260.664> -10 61<447.028 523.176> 405 34<191.49 290.482> 519 17<199.941 217.713> 626 72<202.71 259.065>
VStem: 34 84<88.341 312.346> 200 75<-177.209 -56> 260 44<565.363 643.497>
DStem2: 382.79 304 354 243 0.228903 -0.973449<-88.9133 -21.7431 168.742 257.747>
LayerCount: 2
Fore
Refer: 1485 890 N 1 0 0 1 72 18 2
Refer: 933 7936 N 1 0 0 1 0 0 3
Validated: 32769
Colour: ff00ff
EndChar
