StartChar: uni1F88
Encoding: 8072 8072 1555
Width: 882
Flags: HW
HStem: -10 38<769.5 846.672> -2 33<3.625 68.0908 159.081 227.375 436.625 510.911 622.197 688.375> 241 42<241.019 440> 545 17<107.941 125.713> 638 20<381.5 396.203> 652 72<110.71 167.065>
VStem: 168 44<591.363 669.497> 713 73<30.6477 303>
DStem2: 106.983 102 155 79 0.390001 0.920814<-30.5131 181.817 227.512 466.368> 334 638 340 555 0.390001 0.920814<-561.337 -408.806 -359.549 -74.0876> 389 658 346 555 0.338836 -0.940845<82.3371 370.098 415.035 617.154>
LayerCount: 2
Fore
Refer: 1602 8126 S 1 0 0 1 584 0 2
Refer: 937 7944 N 1 0 0 1 0 0 2
Colour: ff00ff
EndChar
