StartChar: uni1E93
Encoding: 7827 7827 835
Width: 424
VWidth: 999
Flags: W
HStem: -208 98<167.385 245.791> 0 34<129 318.149> 392 37<120.232 292>
VStem: 159 98<-197.271 -118.385>
DStem2: 46 32 129 34 0.560999 0.827816<48.2186 438.503>
LayerCount: 2
Fore
Refer: 664 729 S 1 0 0 1 62 -755 2
Refer: 306 122 N 1 0 0 1 0 0 3
LCarets2: 1 0
Colour: ff00ff
EndChar
