StartChar: uni1FA8
Encoding: 8104 8104 1587
Width: 939
Flags: W
HStem: -10 38<827.5 904.672> 0 69<95.0802 269 474 640.773> 545 17<-47.0588 -29.2867> 624 34<291.568 451.482> 652 72<-44.2898 12.0653>
VStem: 13 44<591.363 669.497> 70 92<271.576 481.95> 581 91<274.665 487.817> 771 73<30.6477 303>
DStem2: 293 143 265 117 0.0623783 -0.998053<19.9443 72.3588> 441 14 474 69 0.0618966 0.998083<56.9371 109.323>
LayerCount: 2
Fore
Refer: 1602 8126 S 1 0 0 1 642 0 2
Refer: 977 8040 N 1 0 0 1 -53 0 2
Colour: ff00ff
EndChar
