StartChar: uni1F8C
Encoding: 8076 8076 1559
Width: 903
Flags: HW
HStem: -10 38<790.5 867.672> -2 33<10.625 75.0908 166.081 234.375 443.625 517.911 629.197 695.375> 241 42<248.019 447> 537 189 638 20<388.5 403.203>
VStem: 734 73<30.6477 303>
DStem2: 113.983 102 162 79 0.390001 0.920814<-30.5131 181.817 227.512 466.368> 341 638 347 555 0.390001 0.920814<-561.337 -408.806 -359.549 -74.0876> 396 658 353 555 0.338836 -0.940845<82.3371 370.098 415.035 617.154>
LayerCount: 2
Fore
Refer: 1602 8126 S 1 0 0 1 605 0 2
Refer: 939 7948 N 1 0 0 1 0 0 2
Colour: ff00ff
EndChar
