StartChar: uni1FAA
Encoding: 8106 8106 1589
Width: 1086
Flags: W
HStem: -9 38<973.5 1050.67> 0 69<298.08 472 677 843.773> 538 186 624 34<494.568 654.482>
VStem: 273 92<271.576 481.95> 784 91<274.665 487.817> 917 73<31.6477 304>
DStem2: 496 143 468 117 0.0623783 -0.998053<19.9443 72.3588> 644 14 677 69 0.0618966 0.998083<56.9371 109.323>
LayerCount: 2
Fore
Refer: 1602 8126 S 1 0 0 1 788 1 2
Refer: 978 8042 N 1 0 0 1 0 0 2
Colour: ff00ff
EndChar
