StartChar: uni1E92
Encoding: 7826 7826 834
Width: 604
VWidth: 999
Flags: W
HStem: -208 98<274.385 352.791> 0 38<164.006 456.037> 602 43<147.269 445.997> 633 20<81 101.5>
VStem: 61 30<499.068 531.283> 266 98<-197.271 -118.385> 547 31<138.699 166.836>
DStem2: 49 38 172 72 0.583791 0.811904<78.6948 685.427>
LayerCount: 2
Fore
Refer: 664 729 S 1 0 0 1 169 -755 2
Refer: 275 90 N 1 0 0 1 0 0 3
LCarets2: 1 0
Colour: ff00ff
EndChar
