StartChar: uni1F8E
Encoding: 8078 8078 1561
Width: 910
Flags: HW
HStem: -10 38<797.5 874.672> -2 33<24.625 89.0908 180.081 248.375 457.625 531.911 643.197 709.375> 241 42<262.019 461> 428 17<27.941 45.713> 535 72<30.71 87.065> 630 46<89.057 172.647> 638 20<402.5 417.203> 676 47<-18.9663 67.184>
VStem: -53 22<633.409 652.243> 88 44<474.363 552.497> 185 22<700.939 718.227> 741 73<30.6477 303>
DStem2: 127.983 102 176 79 0.390001 0.920814<-30.5131 181.817 227.512 466.368> 355 638 361 555 0.390001 0.920814<-561.337 -408.806 -359.549 -74.0876> 410 658 367 555 0.338836 -0.940845<82.3371 370.098 415.035 617.154>
LayerCount: 2
Fore
Refer: 1602 8126 S 1 0 0 1 612 0 2
Refer: 940 7950 N 1 0 0 1 0 0 2
Colour: ff00ff
EndChar
