StartChar: uni1E33
Encoding: 7731 7731 180
Width: 512
VWidth: 999
Flags: W
HStem: -208 98<211.385 289.791> -2 33<15.625 73.5 175.625 220.375 445.728 506.375> 209 25<163 201.114> 398 33<286.625 324.739 407.445 478.375> 641 30<18.0654 76.3801> 678 20<143.5 160.5>
VStem: 86 79<39.666 209 234 635.885> 203 98<-197.271 -118.385>
DStem2: 417 73 240 171 0.622392 -0.782705<-227.215 22.5167>
LayerCount: 2
Fore
Refer: 664 729 S 1 0 0 1 106 -755 2
Refer: 291 107 N 1 0 0 1 0 0 3
LCarets2: 1 0
Colour: ff00ff
EndChar
