StartChar: uni1E1C
Encoding: 7708 7708 157
Width: 557
VWidth: 999
Flags: W
HStem: -200 29<179.047 279.231> -96 32<254.31 284.355> -2 33<14.625 87.75> 0 39<198.526 426.897> 323 38<190 358.322> 605 40<199.403 397.552> 614 33<15.2578 87.75> 692 52<220.738 378.488> 785 20<164 196 404.5 436>
VStem: 105 85<45.8954 323 361 596.13> 164 28<780.047 805> 289 62<-165.259 -97.4563> 372 33<251.625 306.925 373.446 432.375> 408 28<779.76 805> 444 33<498.32 539.828> 493 35<122.11 168.353>
DStem2: 205 -96 254 -67 0.384615 0.923077<45.6154 104>
LayerCount: 2
Fore
Refer: 2440 58204 S 1 0 0 1 461 148 2
Refer: 615 552 N 1 0 0 1 0 0 3
LCarets2: 1 0
Colour: ff00ff
EndChar
