StartChar: uni1E1D
Encoding: 7709 7709 158
Width: 447
VWidth: 999
Flags: W
HStem: -200 29<152.047 252.231> -96 32<227.31 257.355> -10 50<198.819 330.136> 248 34<124 318.997> 402 35<181.946 289.32> 519 57<155.292 287.981>
VStem: 37 84<130.927 248 282 308.257> 85 27<631.641 657.111> 262 62<-165.259 -97.4563> 319 87<257.5 366.769> 328 27<630.798 657.111>
DStem2: 178 -96 227 -67 0.384615 0.923077<45.6154 104>
LayerCount: 2
Fore
Refer: 663 728 N 1 0 0 1 64 0 2
Refer: 616 553 N 1 0 0 1 0 0 3
LCarets2: 1 0
Colour: ff00ff
EndChar
