StartChar: uni1E48
Encoding: 7752 7752 201
Width: 699
VWidth: 999
Flags: W
HStem: -131 44<237.058 474.638> -10 21<574 589> -2 33<11.625 79.4561 172.141 241.375> 614 33<19.625 66.784 465.625 534.859 627.544 695.375>
VStem: 102 49<48.1359 487.989> 236 240<-130.948 -87> 556 49<155.008 596.864>
DStem2: 158 645 193 455 0.620566 -0.784154<123.916 626.745>
LayerCount: 2
Fore
Refer: 1688 817 S 1 0 0 1 596 0 2
Refer: 263 78 N 1 0 0 1 0 0 3
LCarets2: 1 0
Colour: ff00ff
EndChar
