StartChar: uni1EB6
Encoding: 7862 7862 865
Width: 695
VWidth: 999
Flags: HW
HStem: -208 98<297.385 375.791> -2 33<3.625 68.0908 159.081 227.375 436.625 510.911 622.197 688.375> 241 42<241.019 440> 638 20<381.5 396.203> 691 52<275.738 433.488> 784 20<219 251 459.5 491>
VStem: 219 28<779.047 804> 289 98<-197.271 -118.385> 463 28<778.76 804>
DStem2: 106.983 102 155 79 0.390001 0.920814<-30.5131 181.817 227.512 466.368> 334 638 340 555 0.390001 0.920814<-561.337 -408.806 -359.549 -74.0876> 389 658 346 555 0.338836 -0.940845<82.3371 370.098 415.035 617.154>
LayerCount: 2
Fore
Refer: 2440 58204 S 1 0 0 1 516 147 2
Refer: 843 7840 N 1 0 0 1 0 0 3
LCarets2: 1 0
Colour: ff00ff
EndChar
