StartChar: uni1F89
Encoding: 8073 8073 1556
Width: 872
Flags: HW
HStem: -10 38<759.5 836.672> -2 33<3.625 68.0908 159.081 227.375 436.625 510.911 622.197 688.375> 241 42<241.019 440> 638 20<381.5 396.203>
VStem: 703 73<30.6477 303>
DStem2: 106.983 102 155 79 0.390001 0.920814<-30.5131 181.817 227.512 466.368> 334 638 340 555 0.390001 0.920814<-561.337 -408.806 -359.549 -74.0876> 389 658 346 555 0.338836 -0.940845<82.3371 370.098 415.035 617.154>
LayerCount: 2
Fore
Refer: 1602 8126 S 1 0 0 1 574 0 2
Refer: 1477 7945 N 1 0 0 1 0 0 2
Colour: ff00ff
EndChar
