StartChar: uni1F8F
Encoding: 8079 8079 1562
Width: 918
Flags: HW
HStem: -10 38<805.5 882.672> -2 33<25.625 90.0908 181.081 249.375 458.625 532.911 644.197 710.375> 241 42<263.019 462> 629 46<113.057 196.647> 638 20<403.5 418.203> 675 47<5.0337 91.184>
VStem: -29 22<632.409 651.243> 209 22<699.939 717.227> 749 73<30.6477 303>
DStem2: 128.983 102 177 79 0.390001 0.920814<-30.5131 181.817 227.512 466.368> 356 638 362 555 0.390001 0.920814<-561.337 -408.806 -359.549 -74.0876> 411 658 368 555 0.338836 -0.940845<82.3371 370.098 415.035 617.154>
LayerCount: 2
Fore
Refer: 1602 8126 N 1 0 0 1 620 0 2
Refer: 1480 7951 N 1 0 0 1 0 0 2
Colour: ff00ff
EndChar
