StartChar: uni1E8F
Encoding: 7823 7823 831
Width: 515
VWidth: 999
Flags: W
HStem: -232 80<67.752 163.025> 398 33<12.625 60.4822 166.624 213.375 337.625 389.171 454.526 506.375> 547 98<227.385 305.791>
VStem: 219 98<557.729 636.615>
DStem2: 177.233 333 94.9014 323 0.395053 -0.918658<-53.1996 236.484> 222 -34 245 -74 0.397404 0.917644<-98.3122 43.0767 162.026 449.353>
LayerCount: 2
Fore
Refer: 664 729 S 1 0 0 1 122 0 2
Refer: 305 121 N 1 0 0 1 0 0 3
LCarets2: 1 0
Colour: ff00ff
EndChar
