StartChar: uni1E95
Encoding: 7829 7829 837
Width: 424
VWidth: 999
Flags: W
HStem: -131 44<81.058 318.638> 0 34<129 318.149> 392 37<120.232 292>
VStem: 80 240<-130.948 -87>
DStem2: 46 32 129 34 0.560999 0.827816<48.2186 438.503>
LayerCount: 2
Fore
Refer: 1688 817 S 1 0 0 1 440 0 2
Refer: 306 122 N 1 0 0 1 0 0 3
LCarets2: 1 0
Colour: ff00ff
EndChar
