StartChar: uni1FFC
Encoding: 8188 8188 1504
Width: 886
VWidth: 487
Flags: W
HStem: -10 38<774.5 851.672> 0 69<75.0802 249 454 620.773> 624 34<271.568 431.482>
VStem: 50 92<271.576 481.95> 561 91<274.665 487.817> 718 73<30.6477 303>
DStem2: 273 143 245 117 0.0623783 -0.998053<19.9443 72.3588> 421 14 454 69 0.0618966 0.998083<56.9371 109.323>
LayerCount: 2
Fore
Refer: 1602 8126 S 1 0 0 1 589 0 2
Refer: 711 937 N 1 0 0 1 0 0 2
Colour: ff00ff
EndChar
