StartChar: uni1FAF
Encoding: 8111 8111 1594
Width: 1073
Flags: W
HStem: -10 38<960.5 1037.67> 0 69<241.08 415 620 786.773> 624 34<437.568 597.482> 631 46<90.057 173.647> 677 47<-17.9663 68.184>
VStem: -52 22<634.409 653.243> 186 22<701.939 719.227> 216 92<271.576 481.95> 727 91<274.665 487.817> 904 73<30.6477 303>
DStem2: 439 143 411 117 0.0623783 -0.998053<19.9443 72.3588> 587 14 620 69 0.0618966 0.998083<56.9371 109.323>
LayerCount: 2
Fore
Refer: 1602 8126 S 1 0 0 1 775 0 2
Refer: 1546 8047 N 1 0 0 1 -18 0 2
Colour: ff00ff
EndChar
