StartChar: uni1FA9
Encoding: 8105 8105 1588
Width: 946
Flags: W
HStem: -10 38<833.5 910.672> 0 69<94.0802 268 473 639.773> 624 34<290.568 450.482>
VStem: 69 92<271.576 481.95> 580 91<274.665 487.817> 777 73<30.6477 303>
DStem2: 292 143 264 117 0.0623783 -0.998053<19.9443 72.3588> 440 14 473 69 0.0618966 0.998083<56.9371 109.323>
LayerCount: 2
Fore
Refer: 1602 8126 S 1 0 0 1 648 0 2
Refer: 1543 8041 N 1 0 0 1 -80 0 2
Colour: ff00ff
EndChar
