StartChar: uni1FAB
Encoding: 8107 8107 1590
Width: 1080
Flags: W
HStem: -10 38<967.5 1044.67> 0 69<281.08 455 660 826.773> 538 186 624 34<477.568 637.482>
VStem: 256 92<271.576 481.95> 767 91<274.665 487.817> 911 73<30.6477 303>
DStem2: 479 143 451 117 0.0623783 -0.998053<19.9443 72.3588> 627 14 660 69 0.0618966 0.998083<56.9371 109.323>
LayerCount: 2
Fore
Refer: 1602 8126 S 1 0 0 1 782 0 2
Refer: 1544 8043 N 1 0 0 1 0 0 2
Colour: ff00ff
EndChar
