StartChar: uni1E91
Encoding: 7825 7825 833
Width: 424
VWidth: 999
Flags: W
HStem: 0 34<129 318.149> 392 37<120.232 292>
VStem: 90 253<517 517>
DStem2: 46 32 129 34 0.560999 0.827816<48.2186 438.503>
LayerCount: 2
Fore
Refer: 656 710 S 1 0 0 1 39 -22 2
Refer: 306 122 N 1 0 0 1 0 0 3
LCarets2: 1 0
Colour: ff00ff
EndChar
