StartChar: uni1FB0
Encoding: 8112 8112 995
Width: 566
Flags: W
HStem: -10 34<175.159 260.664> -10 61<447.028 523.176> 405 34<191.49 290.482> 519 57<172.292 304.981>
VStem: 34 84<88.341 312.346> 102 27<631.641 657.111> 345 27<630.798 657.111>
DStem2: 382.79 304 354 243 0.228903 -0.973449<-88.9133 -21.7431 168.742 257.747>
LayerCount: 2
Fore
Refer: 663 728 S 1 0 0 1 81 0 2
Refer: 719 945 N 1 0 0 1 0 0 3
LCarets2: 1 0
Colour: ff00ff
EndChar
