StartChar: uni1F8B
Encoding: 8075 8075 1558
Width: 905
Flags: HW
HStem: -10 38<792.5 869.672> -2 33<18.625 83.0908 174.081 242.375 451.625 525.911 637.197 703.375> 241 42<256.019 455> 539 186 638 20<396.5 411.203>
VStem: 736 73<30.6477 303>
DStem2: 121.983 102 170 79 0.390001 0.920814<-30.5131 181.817 227.512 466.368> 349 638 355 555 0.390001 0.920814<-561.337 -408.806 -359.549 -74.0876> 404 658 361 555 0.338836 -0.940845<82.3371 370.098 415.035 617.154>
LayerCount: 2
Fore
Refer: 1602 8126 S 1 0 0 1 607 0 2
Refer: 1478 7947 N 1 0 0 1 0 0 2
Colour: ff00ff
EndChar
