StartChar: uni1E88
Encoding: 7816 7816 824
Width: 951
VWidth: 999
Flags: W
HStem: -208 98<413.385 491.791> -12 21<281.245 293.5 625 636.5> 614 33<2.625 57.43 164.863 218.375 336.625 391.893 514.243 568.375 740.625 807.511 886.024 944.375>
VStem: 405 98<-197.271 -118.385>
DStem2: 165 572 77 556 0.32825 -0.944591<-28.3569 465.813> 315.476 128.667 313 15 0.406392 0.913699<0 291.431> 513 554 424 554 0.323067 -0.946376<-43.4913 72.3368 158.485 443.787> 653.717 130.667 654 14 0.349408 0.936971<0 492.182>
LayerCount: 2
Fore
Refer: 664 729 S 1 0 0 1 308 -755 2
Refer: 272 87 N 1 0 0 1 0 0 3
LCarets2: 1 0
Colour: ff00ff
EndChar
