StartChar: uni1FAE
Encoding: 8110 8110 1593
Width: 1054
Flags: W
HStem: -10 38<941.5 1018.67> 0 69<214.08 388 593 759.773> 428 17<15.941 33.713> 535 72<18.71 75.065> 624 34<410.568 570.482> 630 46<77.057 160.647> 676 47<-30.9663 55.184>
VStem: -65 22<633.409 652.243> 76 44<474.363 552.497> 173 22<700.939 718.227> 189 92<271.576 481.95> 700 91<274.665 487.817> 885 73<30.6477 303>
DStem2: 412 143 384 117 0.0623783 -0.998053<19.9443 72.3588> 560 14 593 69 0.0618966 0.998083<56.9371 109.323>
LayerCount: 2
Fore
Refer: 1602 8126 S 1 0 0 1 756 0 2
Refer: 980 8046 N 1 0 0 1 -18 0 2
Colour: ff00ff
EndChar
