StartChar: uni1FAC
Encoding: 8108 8108 1591
Width: 1065
Flags: W
HStem: -10 38<953.5 1030.67> 0 69<241.08 415 620 786.773> 537 189 624 34<437.568 597.482>
VStem: 216 92<271.576 481.95> 727 91<274.665 487.817> 897 73<30.6477 303>
DStem2: 439 143 411 117 0.0623783 -0.998053<19.9443 72.3588> 587 14 620 69 0.0618966 0.998083<56.9371 109.323>
LayerCount: 2
Fore
Refer: 1602 8126 S 1 0 0 1 768 0 2
Refer: 979 8044 N 1 0 0 1 0 0 2
Colour: ff00ff
EndChar
