StartChar: uni1E46
Encoding: 7750 7750 199
Width: 699
VWidth: 999
Flags: W
HStem: -208 98<309.385 387.791> -10 21<574 589> -2 33<11.625 79.4561 172.141 241.375> 614 33<19.625 66.784 465.625 534.859 627.544 695.375>
VStem: 102 49<48.1359 487.989> 301 98<-197.271 -118.385> 556 49<155.008 596.864>
DStem2: 158 645 193 455 0.620566 -0.784154<123.916 626.745>
LayerCount: 2
Fore
Refer: 664 729 S 1 0 0 1 204 -755 2
Refer: 263 78 N 1 0 0 1 0 0 3
LCarets2: 1 0
Colour: ff00ff
EndChar
