StartChar: uni1FB6
Encoding: 8118 8118 997
Width: 566
Flags: W
HStem: -10 34<175.159 260.664> -10 61<447.028 523.176> 405 34<191.49 290.482> 551 46<252.057 335.647> 597 47<144.034 230.184>
VStem: 34 84<88.341 312.346> 110 22<554.409 573.243> 348 22<621.939 639.227>
DStem2: 382.79 304 354 243 0.228903 -0.973449<-88.9133 -21.7431 168.742 257.747>
LayerCount: 2
Fore
Refer: 1001 8128 S 1 0 0 1 25 -30 2
Refer: 719 945 N 1 0 0 1 0 0 3
Validated: 32769
LCarets2: 1 0
Colour: ff00ff
EndChar
