StartChar: uni1EB4
Encoding: 7860 7860 863
Width: 695
VWidth: 999
Flags: HW
HStem: -2 33<3.625 68.0908 159.081 227.375 436.625 510.911 622.197 688.375> 241 42<241.019 440> 638 20<381.5 396.203> 672 52<278.738 436.488> 765 20<222 254 462.5 494> 799.3 41.8<372.8 468.5> 844.9 43.7<243 343.1> 881.95 9.5
VStem: 222 28<760.047 785> 466 28<759.76 785>
DStem2: 106.983 102 155 79 0.390001 0.920814<-30.5131 181.817 227.512 466.368> 334 638 340 555 0.390001 0.920814<-561.337 -408.806 -359.549 -74.0876> 389 658 346 555 0.338836 -0.940845<82.3371 370.098 415.035 617.154>
LayerCount: 2
Fore
Refer: 2440 58204 N 1 0 0 1 519 128 2
Refer: 24 65 N 1 0 0 1 0 0 3
Refer: 667 732 N 1.1 0 0 0.95 199 254 2
LCarets2: 1 0
Colour: ff00ff
EndChar
