StartChar: uni1FAD
Encoding: 8109 8109 1592
Width: 1080
Flags: W
HStem: -10 38<967.5 1044.67> 0 69<245.08 419 624 790.773> 535 189 624 34<441.568 601.482>
VStem: 220 92<271.576 481.95> 731 91<274.665 487.817> 911 73<30.6477 303>
DStem2: 443 143 415 117 0.0623783 -0.998053<19.9443 72.3588> 591 14 624 69 0.0618966 0.998083<56.9371 109.323>
LayerCount: 2
Fore
Refer: 1602 8126 S 1 0 0 1 782 0 2
Refer: 1545 8045 N 1 0 0 1 0 0 2
Colour: ff00ff
EndChar
