StartChar: uni1F06
Encoding: 7942 7942 936
Width: 566
VWidth: 999
Flags: W
HStem: -10 34<175.159 260.664> -10 61<447.028 523.176> 405 34<191.49 290.482> 481 17<193.941 211.713> 588 72<196.71 253.065> 683 46<255.057 338.647> 729 47<147.034 233.184>
VStem: 34 84<88.341 312.346> 113 22<686.409 705.243> 254 44<527.363 605.497> 351 22<753.939 771.227>
DStem2: 382.79 304 354 243 0.228903 -0.973449<-88.9133 -21.7431 168.742 257.747>
LayerCount: 2
Fore
Refer: 719 945 N 1 0 0 1 0 0 3
Refer: 1490 8143 S 1 0 0 1 73 79 2
Validated: 32769
LCarets2: 1 0
Colour: ff00ff
EndChar
