StartChar: uni1F71
Encoding: 8049 8049 982
Width: 566
Flags: W
HStem: -10 34<175.159 260.664> -10 61<447.028 523.176> 405 34<191.49 290.482> 667 15
VStem: 34 84<88.341 312.346>
DStem2: 382.79 304 354 243 0.228903 -0.973449<-88.9133 -21.7431 168.742 257.747>
LayerCount: 2
Fore
Refer: 714 940 S 1 0 0 1 0 0 3
Validated: 32769
Colour: ff00ff
EndChar
