StartChar: uni1E8C
Encoding: 7820 7820 828
Width: 660
VWidth: 999
Flags: W
HStem: -2 33<3.625 68.0672 152.632 205.375 420.625 467.003 587.301 642.531> 614 33<14.4688 74.7667 190.034 236.375 428.625 481.04 567.776 630.375> 711 96<199.332 278.668 388.332 467.668>
VStem: 191 96<719.332 798.668> 380 96<719.332 798.668>
DStem2: 118.004 93.0049 163.001 73.002 0.593256 0.805014<-18.5221 257.908 362.129 623.865> 209.5 559.75 119.665 547 0.578916 -0.815387<-45.791 213.322 292.919 570.513>
LayerCount: 2
Fore
Refer: 2446 58210 S 1 0 0 1 572 2 2
Refer: 273 88 N 1 0 0 1 0 0 3
LCarets2: 1 0
Colour: ff00ff
EndChar
