StartChar: uni1E8A
Encoding: 7818 7818 826
Width: 660
VWidth: 999
Flags: W
HStem: -2 33<3.625 68.0672 152.632 205.375 420.625 467.003 587.301 642.531> 614 33<14.4688 74.7667 190.034 236.375 428.625 481.04 567.776 630.375> 702 104<287.542 370.458>
VStem: 277 104<712.542 795.458>
DStem2: 118.004 93.0049 163.001 73.002 0.593256 0.805014<-18.5221 257.908 362.129 623.865> 209.5 559.75 119.665 547 0.578916 -0.815387<-45.791 213.322 292.919 570.513>
LayerCount: 2
Fore
Refer: 2448 58212 N 1 0 0 1 183 114 2
Refer: 273 88 N 1 0 0 1 0 0 3
LCarets2: 1 0
Colour: ff00ff
EndChar
