StartChar: uni1E7E
Encoding: 7806 7806 814
Width: 652
VWidth: 999
Flags: W
HStem: -208 98<262.385 340.791> -12 21<311 321.5> 614 33<2.46875 55.3815 173.693 233.375 444.625 504.118 596.347 648.375>
VStem: 254 98<-197.271 -118.385>
DStem2: 179.449 534 95.4688 523 0.359944 -0.932974<-61.2108 436.97> 343.125 127 340 11 0.375557 0.926799<0 492.956>
LayerCount: 2
Fore
Refer: 664 729 S 1 0 0 1 157 -755 2
Refer: 271 86 N 1 0 0 1 0 0 3
LCarets2: 1 0
Colour: ff00ff
EndChar
