StartChar: uni1F05
Encoding: 7941 7941 1475
Width: 566
VWidth: 999
Flags: W
HStem: -10 34<175.159 260.664> -10 61<447.028 523.176> 405 34<191.49 290.482> 511 189
VStem: 34 84<88.341 312.346>
DStem2: 382.79 304 354 243 0.228903 -0.973449<-88.9133 -21.7431 168.742 257.747>
LayerCount: 2
Fore
Refer: 1492 8158 S 1 0 0 1 76 46 2
Refer: 719 945 N 1 0 0 1 0 0 3
Validated: 32769
Colour: ff00ff
EndChar
