StartChar: uni1F8A
Encoding: 8074 8074 1557
Width: 928
Flags: HW
HStem: -2 33<45.625 110.091 201.081 269.375 478.625 552.911 664.197 730.375> 13 38<815.5 892.672> 241 42<283.019 482> 541 186 638 20<423.5 438.203>
VStem: 759 73<53.6477 326>
DStem2: 148.983 102 197 79 0.390001 0.920814<-30.5131 181.817 227.512 466.368> 376 638 382 555 0.390001 0.920814<-561.337 -408.806 -359.549 -74.0876> 431 658 388 555 0.338836 -0.940845<82.3371 370.098 415.035 617.154>
LayerCount: 2
Fore
Refer: 1602 8126 S 1 0 0 1 630 23 2
Refer: 938 7946 N 1 0 0 1 0 0 2
Colour: ff00ff
EndChar
