StartChar: uni1E08
Encoding: 7688 7688 137
Width: 646
VWidth: 999
Flags: W
HStem: -200 29<290.047 390.231> -96 32<365.31 395.355> -10 41<277.826 462.261> 621 37<274.584 445.041> 697 122
VStem: 37 91<208.202 440.096> 269 201 400 62<-165.259 -97.4563> 566 33<454.756 496.422>
DStem2: 316 -96 365 -67 0.384615 0.923077<45.6154 104>
LayerCount: 2
Fore
Refer: 2437 58201 S 1 0 0 1 565 126 2
Refer: 350 199 N 1 0 0 1 0 0 3
LCarets2: 1 0
Colour: ff00ff
EndChar
