StartChar: uni1E32
Encoding: 7730 7730 179
Width: 637
VWidth: 999
Flags: HW
HStem: -208 98<285.385 363.791> -2 33<15.625 88.75 208.25 281.375 568.5 630.375> 308.927 38.408<191 247.134> 614 33<15.625 88.75 208.25 281.375 403.625 453.93 542.494 618.375>
VStem: 106 85<43.3808 308.927 347.335 601.619> 277 98<-197.271 -118.385>
DStem2: 270 386 342 407 0.683941 0.729537<5.11881 281.457> 320 333 274 271 0.644226 -0.764835<-27.2066 342.109>
LayerCount: 2
Fore
Refer: 664 729 S 1 0 0 1 180 -755 2
Refer: 260 75 N 1 0 0 1 0 0 3
LCarets2: 1 0
Colour: ff00ff
EndChar
