StartChar: uni1E4A
Encoding: 7754 7754 203
Width: 699
VWidth: 999
Flags: W
HStem: -10 21<574 589> -2 33<11.625 79.4561 172.141 241.375> 614 33<19.625 66.784 465.625 534.859 627.544 695.375>
VStem: 102 49<48.1359 487.989> 224 253<-186 -186> 556 49<155.008 596.864>
DStem2: 158 645 193 455 0.620566 -0.784154<123.916 626.745>
LayerCount: 2
Fore
Refer: 656 710 S 1 0 0 1 173 -725 2
Refer: 263 78 N 1 0 0 1 0 0 3
LCarets2: 1 0
Colour: ff00ff
EndChar
