StartChar: uni1EF4
Encoding: 7924 7924 927
Width: 575
VWidth: 999
Flags: W
HStem: -208 98<254.385 332.791> -2 33<151.625 233.5 355.5 437.375> 614 33<2.46875 59.4984 171.649 224.375 391.625 441.642 512.542 572.375>
VStem: 246 98<-197.271 -118.385> 252 85<44.3649 325.991>
DStem2: 185.25 558.75 99.6655 547 0.510949 -0.859611<-44.1972 244.277> 323.029 352 354.532 334 0.483995 0.875071<-8.81833 272.978>
LayerCount: 2
Fore
Refer: 664 729 S 1 0 0 1 149 -755 2
Refer: 274 89 N 1 0 0 1 0 0 3
LCarets2: 1 0
Colour: ff00ff
EndChar
