StartChar: uni1E7F
Encoding: 7807 7807 815
Width: 497
VWidth: 999
Flags: W
HStem: -208 98<201.385 279.791> -12 21<237.5 249> 398 33<7.625 59.1271 163.467 208.375 321.625 372.412 437.547 490.375>
VStem: 193 98<-197.271 -118.385>
DStem2: 173.862 331 91.4319 325 0.374344 -0.92729<-54.3387 229.149> 283 135 268 11 0.392114 0.919917<-25.383 263.103>
LayerCount: 2
Fore
Refer: 664 729 S 1 0 0 1 96 -755 2
Refer: 302 118 N 1 0 0 1 0 0 3
LCarets2: 1 0
Colour: ff00ff
EndChar
