StartChar: uni1E28
Encoding: 7720 7720 169
Width: 730
VWidth: 999
Flags: W
HStem: -199 29<67.047 167.231> -95 32<142.31 172.355> -2 33<15.625 88.75 208.25 281.375 442.625 515.75 635.25 708.375> 321 42<191 533> 614 33<15.625 88.75 208.25 281.375 442.625 515.75 635.25 708.375>
VStem: 106 85<43.3808 321 363 601.619> 177 62<-164.259 -96.4563> 533 85<43.3808 321 363 601.619>
DStem2: 93 -95 142 -66 0.384615 0.923077<45.6154 104>
LayerCount: 2
Fore
Refer: 2272 72 N 1 0 0 1 0 0 3
Refer: 335 184 N 1 0 0 1 -158 1 2
LCarets2: 1 0
Colour: ff00ff
EndChar
