StartChar: uni2469
Encoding: 9321 9321 1779
Width: 759
VWidth: 999
Flags: HMW
LayerCount: 2
Fore
Refer: 10 49 S 0.65 0 0 0.65 120 127 2
Refer: 1241 9675 N 1.41213 0 0 1.41423 -20 6 2
Refer: 257 48 N 0.65 0 0 0.65 338 133 2
Validated: 32769
Colour: ff00ff
EndChar
