StartChar: uni2096
Encoding: 8342 8342 2646
Width: 318
VWidth: 442
Flags: W
HStem: -112 29<0.434521 49.7773 108.008 147.25 261.252 305> 129 26<177 193.956> 225 21<11.0015 49.8307>
VStem: 56 48<-79.401 19 37.521 223.995>
DStem2: 184 40 145 -3 0.560848 -0.827919<-8.18906 135.198> 165 77.458 221 97 0.679765 0.73343<-10.6593 50.3939>
LayerCount: 2
Fore
Refer: 2337 57682 N 1 0 0 1 0 0 2
EndChar
