StartChar: uni2C6F
Encoding: 11375 11375 2683
Width: 695
VWidth: 999
Flags: HW
HStem: -2 20<295.797 310.5> 373 42<252 450.981> 625 33<3.625 69.803 181.089 255.375 464.625 532.919 623.909 688.375>
DStem2: 303 -2 346 101 0.338836 -0.940845<-617.154 -415.035 -370.098 -82.3371> 358 18 352 101 0.390001 0.920814<74.0876 359.549 408.806 561.337>
LayerCount: 2
Fore
Refer: 24 65 N -1 0 0 -1 692 656 3
EndChar
