StartChar: uni246F
Encoding: 9327 9327 1785
Width: 759
VWidth: 999
Flags: HMW
LayerCount: 2
Fore
Refer: 10 49 N 0.65 0 0 0.65 125 127 2
Refer: 1241 9675 N 1.41213 0 0 1.41423 -20 6 2
Refer: 15 54 N 0.65 0 0 0.65 323 125 2
Validated: 32769
Colour: ff00ff
EndChar
