StartChar: uni219A
Encoding: 8602 8602 1176
Width: 1130
VWidth: 999
Flags: HMW
HStem: 239 52<202 1072> 605 10<659 704>
DStem2: 426 -88 467 -88 0.319188 0.947692<13.2476 741.934>
LayerCount: 2
Fore
Refer: 9 47 N 1 0 0 1 422 -66 2
Refer: 1166 8592 N 1 0 0 1 0 0 2
Validated: 32773
LCarets2: 1 0
Colour: ff00ff
EndChar
