StartChar: uni2470
Encoding: 9328 9328 1786
Width: 759
VWidth: 999
Flags: HMW
LayerCount: 2
Fore
Refer: 10 49 S 0.65 0 0 0.65 113 127 2
Refer: 1241 9675 N 1.41213 0 0 1.41423 -20 6 2
Refer: 16 55 S 0.65 0 0 0.65 332 130 2
Validated: 32773
Colour: ff00ff
EndChar
