StartChar: uni226B
Encoding: 8811 8811 1223
Width: 784
VWidth: 999
Flags: W
HStem: 29 331 33 331
DStem2: 350 198 423 222 0.939653 -0.34213<-350.736 0> 423 174 350 198 0.940425 0.34<-410.859 -60.4911> 647 194 720 218 0.939653 -0.34213<-350.736 0> 720 170 647 194 0.940425 0.34<-410.859 -60.4911>
LayerCount: 2
Fore
Refer: 1222 8810 S -1 0 0 -1 785 433 2
Validated: 32769
Colour: ff00ff
EndChar
