StartChar: uni246A
Encoding: 9322 9322 1780
Width: 759
VWidth: 999
Flags: HMW
LayerCount: 2
Fore
Refer: 10 49 S 0.65 0 0 0.65 326 127 2
Refer: 10 49 S 0.65 0 0 0.65 128 127 2
Refer: 1241 9675 N 1.41213 0 0 1.41423 -20 6 2
Validated: 32769
Colour: ff00ff
EndChar
