StartChar: uni226A
Encoding: 8810 8810 1222
Width: 784
VWidth: 999
Flags: W
HStem: 69 331 73 331
DStem2: 65 263 138 239 0.940425 0.34<60.4911 410.859> 138 239 65 215 0.939653 -0.34213<0 350.736> 362 259 435 235 0.940425 0.34<60.4911 410.859> 435 235 362 211 0.939653 -0.34213<0 350.736>
LayerCount: 2
Fore
Refer: 19 60 N 1 0 0 1 297 -4 2
Refer: 19 60 N 1 0 0 1 0 0 2
Validated: 32769
Colour: ff00ff
EndChar
