StartChar: uni24D0
Encoding: 9424 9424 1816
Width: 758
VWidth: 999
Flags: W
HStem: -15.2134 36.77<278.771 477.539> 174 32<322.548 395.264 454.5 505.61> 428 25<324.324 404.622> 608.462 36.77<278.771 477.821>
VStem: 49.1944 36.7154<215.968 415.031> 263 52<210.272 285.139 356.458 415.345> 424 54<221.896 318 345 416.379> 671.944 36.7154<215.968 415.314>
LayerCount: 2
Fore
Refer: 321 170 N 1 0 0 1 232 -184 2
Refer: 1241 9675 N 1.41213 0 0 1.41423 -20 6 2
Validated: 32769
Colour: ff00ff
EndChar
