StartChar: uniE160
Encoding: 57696 57696 2349
Width: 338
VWidth: 141
Flags: W
HStem: -238 41<54.6732 122.453> 133 23<20.3545 52.0559 117.949 146.646 215.354 246.425 290.792 321.646>
VStem: 23 296
DStem2: 125 86 73 82 0.403933 -0.914789<-38.8366 140.117> 147 -128 167 -156 0.395787 0.918342<-80.2729 18.7738 95.4366 271.018>
LayerCount: 2
Fore
Refer: 1395 696 N 1 0 0 1 0 -476 2
Colour: ff00ff
EndChar
