StartChar: uniE15D
Encoding: 57693 57693 2347
Width: 314
VWidth: 157
Flags: W
HStem: 133 23<6.35449 38.1796 104.058 132.646 201.354 232.027 276.428 307.646>
VStem: 9 296
DStem2: 111 86 59 82 0.393932 -0.91914<-38.4054 124.306> 179.089 -21.4238 168.785 -101.849 0.414223 0.910175<-11.6826 152.334>
LayerCount: 2
Fore
Refer: 2563 7515 S 1 0 0 1 0 -476 2
Colour: ff00ff
EndChar
