StartChar: uniE161
Encoding: 57697 57697 2350
Width: 274
VWidth: 523
Flags: W
HStem: -112 30<89 208.327> 126 29<62.5267 173>
VStem: 23 22<76.853 101.998>
DStem2: 27 -92 89 -82 0.556458 0.830876<42.8092 262.374>
LayerCount: 2
Fore
Refer: 2571 7611 N 1 0 0 1 0 -476 2
Colour: ff00ff
EndChar
