StartChar: uniE072
Encoding: 57458 57458 1903
Width: 541
VWidth: 999
Flags: W
HStem: -2 33<6.625 57.5919 125.897 175.375 333.625 381.127 480.979 534.375> 152 34<176.998 335>
VStem: 146 253<522 522>
DStem2: 95 105 135 98 0.393608 0.919278<-44.9602 76.0478 114.019 323.265> 297.25 481.25 255 389 0.377414 -0.926045<69.4819 287.662 323.677 437.397>
LayerCount: 2
Fore
Refer: 1876 57425 N 1 0 0 1 0 0 3
Refer: 656 710 S 1 0 0 1 95 -17 2
Colour: ff00ff
EndChar
