StartChar: uniE0A3
Encoding: 57507 57507 2219
Width: 605
VWidth: 999
Flags: HW
HStem: -12 21<468.5 482> -2 33<36.625 98.875 172.125 234.375> 429 33<46 99.6245 375.625 437.875 511.125 573.375>
VStem: 112 47<40.8314 339.52> 451 47<133.447 419.169>
DStem2: 188 460 195 323 0.600409 -0.799693<84.3402 408.933>
LayerCount: 2
Fore
Refer: 657 711 S 1 0 0 1 127 -9 2
Refer: 1888 57438 N 1 0 0 1 0 0 3
Colour: ff00ff
EndChar
