StartChar: uniE08D
Encoding: 57485 57485 1930
Width: 489
VWidth: 714
Flags: W
HStem: -2 33<134.625 196.375 302.625 364.375> 429 33<18.625 66.5657 172.149 219.375 301.625 356.574 423.793 470.375>
VStem: 209 81<40.3963 226.859>
DStem2: 191.862 362 109.432 356 0.521284 -0.853383<-56.976 147.216> 270 236 298.993 216 0.5008 0.865563<0 196.338>
LayerCount: 2
Fore
Refer: 670 769 S 1 0 0 1 452 -39 2
Refer: 1899 57449 N 1 0 0 1 0 0 3
Colour: ff00ff
EndChar
