StartChar: uniE0A9
Encoding: 57513 57513 2225
Width: 412
VWidth: 999
Flags: W
HStem: -200 29<120.047 220.231> -96 32<195.31 225.355> -12 33<140.841 258.38> -1 21<56.5 65.5> 437 33<153.406 263.564>
VStem: 49 32<92.708 142.178> 59 69<321.347 413.318> 230 62<-165.259 -97.4563> 286 78<48.6585 163.624> 316 27<339.146 375.146>
DStem2: 146 -96 195 -67 0.384615 0.923077<45.6154 104>
LayerCount: 2
Fore
Refer: 681 807 S 1 0 0 1 383 0 2
Refer: 1893 57443 N 1 0 0 1 0 0 3
Colour: ff00ff
EndChar
