StartChar: uniE0E4
Encoding: 57572 57572 2575
Width: 695
VWidth: 999
Flags: W
HStem: -2 33<3.625 67.8053 160.814 227.375 436.625 514.33 626.37 693.375> 241 42<237.836 437> 638 20<377 383>
VStem: 237 243
DStem2: 106.983 102 156 79 0.408598 0.912714<-28.0949 185.891> 201.274 320 237.826 296.333 0.408598 0.912714<-170.133 -57.7051 -11.4606 254.742> 395 628 325 589 0.35377 -0.935333<-27.3083 31.0332 67.2241 337.548 382.492 588.843>
AnchorPoint: "top_akzent" 362 894 basechar 0
LayerCount: 2
Fore
Refer: 2572 57591 S 1 0 0 1 0 0 2
Refer: 2438 58202 N 1 0 0 1 490 166 2
Validated: 32769
EndChar
