StartChar: ycircumflex
Encoding: 375 375 489
Width: 515
VWidth: 999
Flags: W
HStem: -232 80<67.752 163.025> 398 33<12.625 60.4822 166.624 213.375 337.625 389.171 454.526 506.375>
VStem: 148 253<517 517>
DStem2: 177.233 333 94.9014 323 0.395053 -0.918658<-53.1996 236.484> 222 -34 245 -74 0.397404 0.917644<-98.3122 43.0767 162.026 449.353>
LayerCount: 2
Fore
Refer: 656 710 N 1 0 0 1 97 -22 2
Refer: 305 121 N 1 0 0 1 0 0 3
Colour: ff00ff
EndChar
