StartChar: ydieresis.sc
Encoding: 1114226 -1 2806
Width: 489
VWidth: 714
Flags: W
HStem: -2 33<134.625 196.375 302.625 364.375> 429 33<18.625 66.5657 172.149 219.375 301.625 356.574 423.793 470.375> 526 95<134.016 211.984 303.016 380.984>
VStem: 126 94<533.394 613.312> 209 81<40.3963 226.859> 295 94<533.394 613.312>
DStem2: 191.862 362 109.432 356 0.521284 -0.853383<-56.976 147.216> 270 236 298.993 216 0.5008 0.865563<0 196.338>
LayerCount: 2
Fore
Refer: 1932 57487 N 1 0 0 1 0 0 3
Comment: "."
EndChar
