StartChar: zcaron.sc
Encoding: 1114258 -1 2838
Width: 461
VWidth: 999
Flags: W
HStem: 0 32<151.926 331.973> 424 36<115.781 301.001> 450 20<65.7807 75.749>
VStem: 48 26<333.037 364.619>
DStem2: 44 27 155 59 0.56225 0.826967<71.1627 469.826>
LayerCount: 2
Fore
Refer: 2233 57521 N 1 0 0 1 0 0 3
Comment: "."
EndChar
