StartChar: Aringacute
Encoding: 506 506 577
Width: 667
VWidth: 999
Flags: HW
HStem: -2 33<8.5625 69.0686 170.524 221.281 424.562 495.012 613.887 663.438> 241 42<293.688 480> 634 27<437.693 501.868> 638 20<499 509.873> 709 120 773 27<454.785 520.279>
VStem: 391.854 174 548 227
DStem2: 135 122 189 122 0.521048 0.853527<-44.9237 180.859 228.755 527.976> 507 658 445 555 0.142197 -0.989838<93.1371 367.35 409.919 602.6>
LayerCount: 2
Fore
Refer: 2225 58201 N 1 0 0 1 710 138 2
Refer: 350 197 N 1 0 0 1 0 0 3
Validated: 5
LCarets2: 1 0
EndChar
