StartChar: Epsilontonos
Encoding: 904 904 1365
Width: 657
VWidth: 999
Flags: W
TeX: 34 0
HStem: 0 31<106.719 181> 0 39<289.58 509.005> 323 38<340 490.269> 605 40<392.854 582.992> 614 33<225.511 288.125>
VStem: 494 32<251.77 314.081> 528 32<384.682 432.23> 610 33<498.16 570.91>
DStem2: 185.643 -2 267.894 -2 0.207912 0.978148<71.6333 348.535 387.16 604.895>
LayerCount: 2
Fore
Refer: 694 917 N 1 0 0 1 88 0 2
Refer: 684 900 S 1 0 0 1 -120 -6 2
Validated: 1
EndChar
