StartChar: Etatonos
Encoding: 905 905 1366
Width: 795
VWidth: 999
Flags: W
TeX: 34 0
HStem: -2 33<114.719 189 303.875 367.438 524.562 599 713.875 777.438> 321 42<349 669> 614 33<232.562 296.125 411 485.281 642.562 706.125 821 895.281>
DStem2: 193.643 -2 275.643 -2 0.207912 0.978148<69.4018 346.371 389.324 605.102> 603.643 -2 685.643 -2 0.207912 0.978148<69.4018 329.53 372.276 605.102>
LayerCount: 2
Fore
Refer: 696 919 N 1 0 0 1 95 0 2
Refer: 684 900 S 1 0 0 1 -137 -6 2
Validated: 1
EndChar
