StartChar: Itilde
Encoding: 296 296 61
Width: 284
VWidth: 999
Flags: W
HStem: -2 33<19.7188 94 208.875 272.438> 614 33<137.562 201.125 316 390.281> 697 44<291.342 376.453> 745 46<170.755 257.907>
VStem: 126.799 295.294
DStem2: 98.643 -2 180.643 -2 0.207912 0.978148<69.4018 605.102>
LayerCount: 2
Fore
Refer: 260 73 N 1 0 0 1 0 0 3
Refer: 669 732 S 1 0 0 1 4 123 2
Validated: 1
Position2: "'cpsp' Versalabstaende 1" dx=2 dy=0 dh=5 dv=0
EndChar
