StartChar: Lambda
Encoding: 923 923 700
Width: 658
VWidth: 487
Flags: HW
HStem: -2 33<37.625 95.891 189.283 248.375 415.625 477.349 587.92 649.375>
DStem2: 420 518 446 634 0.488258 0.872699<-520.262 3.48949> 491 77 572.001 92.996 0.148073 -0.988976<-446.73 28.8043>
LayerCount: 2
Fore
Refer: 273 86 N -1 0 0 -1 760 645 2
Validated: 1
EndChar
