StartChar: Lcommaaccent
Encoding: 315 315 431
Width: 506
VWidth: 999
Flags: W
HStem: -228 24<173.712 212.08> -125 82<210.818 260.347> 0 31<19.7188 94> 0 39<205.096 393.356> 614 33<137.562 201.125 316 390.281>
VStem: 173.902 129.259
DStem2: 98.643 -2 180.406 -2 0.207912 0.978148<73.9415 605.102>
LayerCount: 2
Fore
Refer: 263 76 N 1 0 0 1 0 0 3
Refer: 682 806 S 1 0 0 1 517 -2 2
Validated: 1
Position2: "'cpsp' Versalabstaende 1" dx=2 dy=0 dh=5 dv=0
EndChar
