StartChar: Ldot
Encoding: 319 319 435
Width: 506
VWidth: 999
Flags: W
HStem: 0 31<19.7188 94> 0 39<205.096 393.356> 277 108<352.08 435.92> 614 33<137.562 201.125 316 390.281>
VStem: 340 108<289.08 372.92>
DStem2: 98.643 -2 180.406 -2 0.207912 0.978148<73.9415 605.102>
LayerCount: 2
Fore
Refer: 263 76 N 1 0 0 1 0 0 3
Refer: 336 183 N 1 0 0 1 216 78 2
Validated: 1
Position2: "'cpsp' Versalabstaende 1" dx=2 dy=0 dh=5 dv=0
EndChar
