StartChar: Nu
Encoding: 925 925 702
Width: 670
VWidth: 999
Flags: W
HStem: -10 21<549.5 563.5> -2 33<15.7188 85.4644 174.021 234.281> 614 33<141.562 180.23 569.562 629.409 717.942 787.438>
DStem2: 93.6044 -10 140.604 -10 0.207912 0.978148<73.563 518.944> 277 645 274 455 0.491667 -0.870783<122.109 564.244> 522.045 -10 569.045 -10 0.207912 0.978148<168.724 616>
LayerCount: 2
Fore
Refer: 265 78 N 1 0 0 1 0 0 3
Validated: 1
EndChar
