StartChar: Tcommaaccent
Encoding: 538 538 609
Width: 572
VWidth: 999
Flags: W
HStem: -238 24<201.712 240.08> -135 82<238.818 288.347> -2 33<162.719 245.375 363 435.281> 606 39<203.874 355.91 462.338 596.513> 633 20<662.5 679.5>
VStem: 201.902 129.259 632 34<505.785 567.416>
DStem2: 251.643 -2 333.643 -2 0.207912 0.978148<69.3087 598.863>
LayerCount: 2
Fore
Refer: 271 84 N 1 0 0 1 0 0 3
Refer: 682 806 N 1 0 0 1 545 -12 2
Validated: 1
EndChar
