StartChar: Ubreve
Encoding: 364 364 480
Width: 634
VWidth: 999
Flags: W
HStem: -10 41<260.843 424.46> 614 33<128.719 185.155 298.709 377.281 535.719 601.958 685.947 749.438> 691 52<412 562> 794 10<363 391 600 634>
VStem: 121.05 82.8234<85.2607 318.417> 363 28<790 804>
DStem2: 497.996 -10 544.17 -10 0.207912 0.978148<139.998 613.126>
LayerCount: 2
Fore
Refer: 272 85 N 1 0 0 1 0 0 3
Refer: 2228 58204 N 1 0 0 1 509 147 2
Validated: 1
Position2: "'cpsp' Versalabstaende 1" dx=2 dy=0 dh=5 dv=0
EndChar
