StartChar: Upsilontonos
Encoding: 910 910 687
Width: 687
VWidth: 999
Flags: W
HStem: -2 33<262.719 345.375 462.5 535.281> 614 33<235.875 285.428 392.632 447.281 609.875 651.619 720.408 782.125>
DStem2: 398 559 314 547 0.351588 -0.936155<-41.5941 221.972> 351.643 -2 432.643 -2 0.207912 0.978148<69.3087 326.693> 491 352 517 334 0.587949 0.808898<-8.79957 291.975>
LayerCount: 2
Fore
Refer: 709 933 N 1 0 0 1 112 0 2
Refer: 684 900 S 1 0 0 1 -127 -6 2
Validated: 1
LCarets2: 1 0
EndChar
