StartChar: Zcaron
Encoding: 381 381 497
Width: 578
VWidth: 999
Flags: W
HStem: 0 38<166.913 448.124> 602 43<252.478 543.045> 633 20<199 223.5> 697 115
VStem: 322 244
DStem2: 54 38 178 72 0.673213 0.739448<0 108.62>
LayerCount: 2
Fore
Refer: 277 90 N 1 0 0 1 0 0 3
Refer: 2227 58203 S 1 0 0 1 485 173 2
Validated: 1
Position2: "'cpsp' Versalabstaende 1" dx=2 dy=0 dh=5 dv=0
Substitution2: "'c2sc' Versale nach Kapitaelchen 1" zcaron.sc
EndChar
