StartChar: a.superior
Encoding: 57536 57536 2102
Width: 276
VWidth: 999
Flags: W
HStem: 358 32<173.789 233.679 286 337.767> 612 25<222.976 293.792>
VStem: 121 50<391.248 462.074> 158 49<539.883 597.094> 266 55<375.124 446.508> 302 48<527.489 610.048>
DStem2: 257.59 358 308.047 358 0.21644 0.976296<59.0499 147.818 175.477 215.106>
LayerCount: 2
Fore
Refer: 323 170 S 1 0 0 1 -1 0 3
Validated: 1
EndChar
