StartChar: abreve.sc
Encoding: 57496 57496 2070
Width: 556
VWidth: 714
Flags: W
HStem: -2 33<12.25 67.7785 134.375 176.75 354.25 406.379 505.925 550.75> 152 34<228.918 390> 513 57<346.534 467.305>
VStem: 288.093 29.441<610.777 648>
DStem2: 117 105 155 98 0.556311 0.830974<-39.7192 90.7492 135.175 362.005> 415 481 353 389 0.190103 -0.981764<78.5359 284.868 319.008 429.283>
LayerCount: 2
Fore
Refer: 1769 57425 N 1 0 0 1 0 0 3
Refer: 665 728 S 1 0 0 1 132 -16 2
Validated: 1
EndChar
