StartChar: adieresis.sc
Encoding: 57460 57460 1800
Width: 556
VWidth: 714
Flags: HW
HStem: -2 33<12.25 67.7785 134.375 176.75 354.25 406.379 505.925 550.75> 152 34<228.918 390> 525 91<273.391 341.952 433.75 502.854>
VStem: 262 92<537.435 604.102> 423 92<537.898 605.223>
DStem2: 117 105 155 98 0.556311 0.830974<-39.7192 90.7492 135.175 362.005> 415 481 353 389 0.190103 -0.981764<78.5359 284.868 319.008 429.283>
LayerCount: 2
Fore
Refer: 321 168 N 1 0 0 1 107 -2 2
Refer: 1769 57425 N 1 0 0 1 0 0 3
Validated: 1
EndChar
