StartChar: afii10085
Encoding: 1091 1091 797
Width: 479
VWidth: 999
Flags: W
HStem: -234 62<83.1972 168.586> 364 75<162.522 231.5>
DStem2: 250 -66 293 -70 0.536365 0.843986<-136.125 48.966 138.666 366.548>
LayerCount: 2
Fore
Refer: 307 121 N 1 0 0 1 0 0 3
Validated: 1
EndChar
