StartChar: afii10084
Encoding: 1090 1090 796
Width: 746
VWidth: 999
Flags: W
HStem: -10 60<637.001 687.688> 379 60<354.646 445.663 599.251 689.589> 395 28<103.549 147>
VStem: 97.0488 77.5<-4.29127 110.93> 169.387 80.6191<304.816 391.952> 339.049 77.5<-4.29127 108.564> 413 81.5279<272.269 378.021> 589 85<7.74219 134.469> 657 81.1123<255.336 378.219>
DStem2: 92.5045 -10 168.428 -10 0.207912 0.978148<23.2086 305.583 336.618 379.218> 334.512 -10 410.432 -10 0.207912 0.978148<44.1972 299.651> 579.43 -10 656.517 -10 0.207912 0.978148<95.4022 360.837>
LayerCount: 2
Fore
Refer: 295 109 S 1 0 0 1 0 0 3
Validated: 1
Substitution2: "'locl' Localized Forms Serbian-1" afii10084.ital
EndChar
