StartChar: afii10087
Encoding: 1093 1093 799
Width: 475
VWidth: 999
Flags: W
HStem: -10 52<65.776 146.137 343.485 425.505> 366 73<165.592 235.5 443.524 525.996> 386 53<413.738 504.091>
DStem2: 157 73 195 68 0.57818 0.815909<-49.1903 139.377 253.07 418.724> 276 367 215 309 0.306009 -0.952029<-8.20106 92.3468 136.616 141.512 185.782 345.381>
LayerCount: 2
Fore
Refer: 306 120 N 1 0 0 1 0 0 3
Validated: 1
EndChar
