StartChar: afii10056
Encoding: 1031 1031 767
Width: 284
VWidth: 999
Flags: W
HStem: -2 33<19.7188 94 208.875 272.438> 614 33<137.562 201.125 316 390.281> 695 92<152.347 229.653 342.347 419.653>
VStem: 145 92<702.347 779.653> 335 92<702.347 779.653>
DStem2: 98.643 -2 180.643 -2 0.207912 0.978148<69.4018 605.102>
LayerCount: 2
Fore
Refer: 360 207 S 1 0 0 1 0 0 3
Validated: 1
LCarets2: 1 0
EndChar
