StartChar: afii10104
Encoding: 1111 1111 806
Width: 261
VWidth: 999
Flags: HW
HStem: -10 65<133 206.613> 395 28<118.549 162> 527 92<122.347 199.653 282.347 359.653>
VStem: 107 180 115 92<534.347 611.653> 275 92<534.347 611.653>
DStem2: 96.2882 -10 170.293 -10 0.21644 0.976296<100.542 390.643>
LayerCount: 2
Fore
Refer: 392 239 S 1 0 0 1 0 0 3
Validated: 1
LCarets2: 1 0
EndChar
