StartChar: afii10020
Encoding: 1043 1043 74
Width: 497
VWidth: 999
Flags: W
HStem: -2 33<19.7593 97.6338 217.134 281.405> 605 40<316.455 533.32> 614 33<150.695 214.965>
VStem: 561.303 29.8496<487.646 565.179>
DStem2: 130.932 122 215.932 122 0.207913 0.978147<-57.6524 485.939>
LayerCount: 2
Fore
Refer: 692 915 N 1 0 0 1 0 0 3
Validated: 1
EndChar
