StartChar: afii10033
Encoding: 1055 1055 80
Width: 667
VWidth: 487
Flags: W
HStem: -2 33<19.25 96.875 216.375 280.75 393.25 470.875 590.375 654.75> 605 40<323.884 592.394> 614 31<150.25 214.125 707.625 785.75>
DStem2: 130 122 215 122 0.208059 0.978116<-57.6568 485.959> 504 122 589 122 0.208059 0.978116<-57.6568 482.736>
LayerCount: 2
Fore
Refer: 705 928 N 1 0 0 1 0 0 3
Validated: 1
EndChar
