StartChar: afii10109
Encoding: 1116 1116 808
Width: 470
VWidth: 999
Flags: W
HStem: -10 21<116.083 151.007> -2 29<435 445> 372 67<421.919 497.529> 395 28<108.549 152>
VStem: 170 85.495<314.795 424.006>
DStem2: 83.643 -10 159.678 -10 0.21644 0.976296<28.2344 391.215>
LayerCount: 2
Fore
Refer: 788 1082 N 1 0 0 1 0 0 3
Refer: 672 769 N 1 0 0 1 442 -37 2
Validated: 5
LCarets2: 1 0
EndChar
