StartChar: afii10061
Encoding: 1036 1036 71
Width: 602
VWidth: 999
Flags: W
HStem: -1 29<21.0491 105.542 203.045 274 543.125 583> 590 61<548.788 646.074> 618 28<145 214.301 314.141 398.25> 698 120
VStem: 422 227
DStem2: 95.78 -1 171.992 -1 0.207912 0.978148<107.767 600.586> 104.696 -1 185.696 -1 0.207912 0.978148<77.5019 345.467 585.992 598.733>
LayerCount: 2
Fore
Refer: 772 1050 N 1 0 0 1 0 0 3
Refer: 2225 58201 S 1 0 0 1 584 127 2
Validated: 5
LCarets2: 1 0
EndChar
