StartChar: afii10105
Encoding: 1112 1112 807
Width: 259
VWidth: 999
Flags: HW
HStem: -235 33.5508<-7.4768 59.2038 -7.4768 59.2038> 395 28<122.549 166 122.549 166> 416 20<236 258.624 236 258.624> 521 98<206.913 284.989 206.913 284.989>
VStem: 197 98<531.293 608.371 531.293 608.371>
DStem2: 69.929 -235 142.267 -235 0.207912 0.978148<147.805 630.554>
LayerCount: 2
Fore
Refer: 292 106 S 1 0 0 1 0 0 3
Validated: 1
EndChar
