StartChar: afii10110
Encoding: 1118 1118 810
Width: 479
VWidth: 999
Flags: W
HStem: -234 62<83.1972 168.586> 364 75<162.522 231.5> 489 39<308.367 401.196>
VStem: 235 69<533.518 601.936>
DStem2: 250 -66 293 -70 0.536365 0.843986<-136.125 48.966 138.666 366.548>
LayerCount: 2
Fore
Refer: 797 1091 N 1 0 0 1 0 0 3
Refer: 2233 58209 S 1 0 0 1 435 -11 2
Validated: 1
LCarets2: 1 0
EndChar
