StartChar: afii10093
Encoding: 1099 1099 100
Width: 666
VWidth: 999
Flags: W
HStem: -12 34<187.5 295.713> -10 65<510 583.824> 262 53<312.522 404.5> 395 28<118.549 162> 411 20<557 562 641 644.625> 416 20<229 251.624>
VStem: 379 78<127.626 252.579> 484 180
DStem2: 97.1757 -12 169.793 -12 0.21644 0.976296<261.544 392.403> 473.43 -10 548.347 -10 0.207912 0.978148<96.0994 416.776>
LayerCount: 2
Fore
Refer: 101 1100 N 1 0 0 1 0 0 2
Refer: 729 953 N 1 0 0 1 396 0 2
Validated: 1
EndChar
