StartChar: afii10062
Encoding: 1038 1038 73
Width: 580
VWidth: 999
Flags: W
HStem: -22 62<130 230.071> 618 28<127 171.15 281.582 360.25 517 580.688 637.513 701.949> 692 38<414.576 504.148>
VStem: 337 73<734.059 799.351>
DStem2: 372 229 197 559 0.258089 -0.966121<-383.543 0> 310 136 373 161 0.509587 0.860419<-111.943 0 111.613 545.5>
LayerCount: 2
Fore
Refer: 84 1059 S 1 0 0 1 0 0 3
Refer: 2232 58208 S 1 0 0 1 502 -1 2
Validated: 1
LCarets2: 1 0
EndChar
