StartChar: aring.sc
Encoding: 57461 57461 1801
Width: 556
VWidth: 714
Flags: HW
HStem: -2 33<12.25 67.7785 134.375 176.75 354.25 406.379 505.925 550.75> 152 34<228.918 390> 498 27<334.356 398.53> 637 27<351.447 416.941>
VStem: 288.517 174
DStem2: 117 105 155 98 0.556311 0.830974<-39.7192 90.7492 135.175 362.005> 415 481 353 389 0.190103 -0.981764<78.5359 284.868 319.008 429.283>
LayerCount: 2
Fore
Refer: 667 730 S 1 0 0 1 88 -90 2
Refer: 1769 57425 N 1 0 0 1 0 0 3
Validated: 1
EndChar
