StartChar: b.inferior
Encoding: 57673 57673 2191
Width: 285
VWidth: 917
Flags: W
HStem: -118 26<96.505 164.16> 124 31<144.507 208.336> 219 22<62 85.716>
VStem: 220 53<-18.576 118.577>
DStem2: 23.097 -118 70.657 -118 0.207912 0.978148<80.1221 253.112 263.975 338.947>
LayerCount: 2
Fore
Refer: 2103 57537 S 1 0 0 1 -110 -476 3
Validated: 1
EndChar
