StartChar: c_h
Encoding: 57403 57403 1762
Width: 863
VWidth: 999
Flags: HW
HStem: -10 60<188.909 291.142 707 782.688> 379 60<690.646 807.667> 402 37<250.195 326.608> 648 28<505.239 548> 669 20<619.333 637.624>
VStem: 83 83<72.9091 269.629> 338.868 80.604<336.642 395.641> 433.049 77.5002<-4.29117 110.716> 566 85.495<563.558 676.752> 681 85<7.74219 134.469>
DStem2: 445.818 71.4551 510.549 17.2344 0.216014 0.97639<-60.0664 227.727 262.102 566.007> 698 115 777 124 0.231072 0.972937<-30.5675 233.041>
LayerCount: 2
Fore
Refer: 290 104 N 1 0 0 1 344 0 2
Refer: 285 99 N 1 0 0 1 0 0 2
Validated: 1
LCarets2: 1 387
EndChar
