StartChar: c_k
Encoding: 57402 57402 1761
Width: 836
VWidth: 999
Flags: HW
HStem: -10 52<673.25 763.194> -10 60<188.909 291.142> 220.997 43.0029<551 581.985> 377 62<708.464 806.482> 402 37<250.195 326.608> 648 28<496.239 539> 669 20<610.333 628.624>
VStem: 83 83<72.9091 269.629> 338.868 80.604<336.642 395.641> 557 85.495<564.865 676.752> 641.271 68.376<45.1477 196.35>
DStem2: 417.393 -10 491.427 -10 0.207912 0.978148<28.0831 255.607 295.791 649.72>
LayerCount: 2
Fore
Refer: 293 107 N 1 0 0 1 350 0 2
Refer: 285 99 N 1 0 0 1 0 0 2
Validated: 1
LCarets2: 1 386
EndChar
