StartChar: ccedilla.sc
Encoding: 57463 57463 1803
Width: 492
VWidth: 714
Flags: W
HStem: -200 29<167.112 269.123> -20 20<255.598 302> -10 38<225.568 367.953> 437 33<291.94 439.35>
VStem: 78.5731 89.5724<87.2267 270.185> 286.519 63.2022<-160.899 -96.8017> 485 30<323.061 389.832>
DStem2: 208.469 -96 263.369 -67 0.52701 0.849859<53.5788 112.96>
LayerCount: 2
Fore
Refer: 1771 57427 N 1 0 0 1 0 0 3
Refer: 683 807 S 1 0 0 1 465 0 2
Validated: 5
EndChar
