StartChar: d.inferior
Encoding: 57675 57675 2193
Width: 295
VWidth: 917
Flags: W
HStem: -114 25<94.417 156.303> -96 22<245.284 269> 129 26<135.588 202.348> 219 22<216 238.716>
VStem: 29 52<-83.041 59.222>
DStem2: 176.247 -118 222.971 -118 0.207912 0.978148<61.1444 233.852 258.293 338.916>
LayerCount: 2
Fore
Refer: 2105 57539 S 1 0 0 1 -107 -476 3
Validated: 1
EndChar
