StartChar: dcroat.sc
Encoding: 57495 57495 2069
Width: 573
VWidth: 714
Flags: HW
HStem: -2 33<47.25 114 214.401 383.431> 208 39<83 283> 429 31<138.25 190.971 289.28 436.281>
VStem: 505.494 87.1128<178.004 375.988>
DStem2: 143 122 212 76 0.209529 0.977802<-63.0838 299.813>
LayerCount: 2
Fore
Refer: 1812 57472 N 1 0 0 1 0 0 3
Validated: 5
EndChar
