StartChar: eacute.sc
Encoding: 57465 57465 1805
Width: 487
VWidth: 714
Flags: W
HStem: 0 31<47.25 112.788 211.796 366.692> 225 32<251 357.646> 427 33<139.326 193.136 285.953 443.404>
VStem: 358 28<166.074 219.122> 389 28<275.804 315.926> 470 28<339.391 395.65>
DStem2: 143 122 212 75 0.208292 0.978067<-68.4426 121.778 154.535 299.669>
LayerCount: 2
Fore
Refer: 672 769 S 1 0 0 1 411 -45 2
Refer: 1773 57429 N 1 0 0 1 0 0 3
Validated: 1
EndChar
