StartChar: edieresis.sc
Encoding: 57467 57467 1807
Width: 487
VWidth: 714
Flags: W
HStem: 0 31<47.25 112.788 211.796 366.692> 225 32<251 357.646> 427 33<139.326 193.136 285.953 443.404> 524 95<243.016 320.984 412.016 489.984>
VStem: 235 94<531.394 611.312> 358 28<166.074 219.122> 389 28<275.804 315.926> 404 94<531.394 611.312> 470 28<339.391 395.65>
DStem2: 143 122 212 75 0.208292 0.978067<-68.4426 121.778 154.535 299.669>
LayerCount: 2
Fore
Refer: 321 168 S 1 0 0 1 85 -1 2
Refer: 1773 57429 N 1 0 0 1 0 0 3
Validated: 1
EndChar
