StartChar: eight.superior
Encoding: 8312 8312 1078
Width: 307
VWidth: 407
Flags: W
HStem: 359 26<190.68 276.16> 662 26<249.947 323.872>
VStem: 126.799 50.5245<392.351 475.152> 181.286 50.9819<568.155 650.406> 307.936 57.9351<408.741 503.791> 331.034 47.2168<582.002 658.788>
DStem2: 278 554 222 540 0.868985 -0.494839<-62.8931 -29.2075 -17.5527 8.91539 22.8229 68.0576>
LayerCount: 2
Fore
Refer: 1094 8328 S 1 0 0 1 96 476 3
Validated: 1
EndChar
