StartChar: ellipsis
Encoding: 8230 8230 1062
Width: 749
VWidth: 487
Flags: HW
HStem: -10 106<80.3874 155.455 345.387 420.455 609.387 684.455>
VStem: 65 106<5.40833 79.8295> 330 106<5.40833 79.8295> 594 106<5.40833 79.8295>
LayerCount: 2
Fore
Refer: 257 46 N 1 0 0 1 529 0 2
Refer: 257 46 N 1 0 0 1 265 0 2
Refer: 257 46 N 1 0 0 1 0 0 2
Validated: 1
Ligature2: "'liga' Standardligaturen 1" period period period
LCarets2: 2 0 0
EndChar
