StartChar: etatonos
Encoding: 942 942 718
Width: 490
VWidth: 999
Flags: W
HStem: -235 21<269 322.471> -10 21<116.083 151.007> 380 59<344.297 437.5> 395 28<105.549 149>
DStem2: 33.7617 -235 109.797 -235 0.21644 0.976296<258.697 543.299 575.531 621.029> 279.567 -235 353.161 -235 0.21644 0.976296<49.5208 590.802>
LayerCount: 2
Fore
Refer: 727 951 N 1 0 0 1 0 0 3
Refer: 684 900 S 1 0 0 1 180 -50 2
Validated: 1
LCarets2: 1 0
EndChar
