StartChar: f.inferior
Encoding: 57677 57677 2194
Width: 242
VWidth: 999
Flags: W
HStem: -112 23<-2.5 41.391 93.646 132> 93 29<43.312 83 137 201.902> 238 25<178.432 229.441>
VStem: 234 49<192.811 220.906>
DStem2: 37.16 -112 83.16 -112 0.207912 0.978148<50.8742 210.051 249.645 329.486>
LayerCount: 2
Fore
Refer: 2107 57541 S 1 0 0 1 -117 -476 3
Validated: 1
EndChar
