StartChar: five.superior
Encoding: 8309 8309 1075
Width: 307
VWidth: 404
Flags: W
HStem: 359 27<175.269 253.404> 551 27<208.59 279.14> 648 35<238 373>
VStem: 294.858 57.0637<426.803 542.407>
DStem2: 169 540 208 567 0.353273 0.93552<39.0367 125.412>
LayerCount: 2
Fore
Refer: 1091 8325 S 1 0 0 1 90 476 3
Validated: 1
EndChar
