StartChar: four.superior
Encoding: 8308 8308 1074
Width: 307
VWidth: 407
Flags: W
HStem: 365 29<185.763 239.658 305.75 343.109> 464 34<168 258 318 360>
VStem: 121.847 252.153
DStem2: 237.058 365 289.058 365 0.207912 0.978148<50.114 101.191 146.922 279.497>
LayerCount: 2
Fore
Refer: 1090 8324 S 1 0 0 1 81 476 3
Validated: 1
EndChar
