StartChar: h.inferior
Encoding: 57679 57679 2196
Width: 307
VWidth: 917
Flags: W
HStem: -112 23<1.4027 15.939 114.939 126.057 157.403 175.939 275.939 282.057> 121 34<174.687 227.166> 225 21<63.893 96.559>
VStem: -0.943398 286.662
DStem2: 35.593 -112 84.593 -112 0.207912 0.978148<39.7535 338.912> 195.593 -112 244.593 -112 0.207912 0.978148<40.1756 224.62>
LayerCount: 2
Fore
Refer: 1458 688 S 1 0 0 1 -93 -476 3
Validated: 1
EndChar
