StartChar: i.inferior
Encoding: 57680 57680 2197
Width: 194
VWidth: 952
Flags: W
HStem: -111 23<1.475 52.912 128.239 145.919> 123 21<59.451 92.188> 205 58<119.935 172.672>
VStem: 116.714 59.5594<208.488 260.108>
DStem2: 47.918 -111 96.918 -111 0.21644 0.976296<52.5251 221.673>
LayerCount: 2
Fore
Refer: 1073 8305 S 1 0 0 1 -112 -476 3
Validated: 1
EndChar
