StartChar: idieresis.sc
Encoding: 57471 57471 1811
Width: 323
VWidth: 714
Flags: W
HStem: -2 33<52.25 119 224.25 277.75> 429 33<143.25 196.75 302 368.75> 524 95<153.016 230.984 322.016 399.984>
VStem: 50 321 145 94<531.394 611.312> 314 94<531.394 611.312>
DStem2: 148 122 227 122 0.208292 0.978067<-61.1179 298.417>
LayerCount: 2
Fore
Refer: 321 168 S 1 0 0 1 -5 -1 2
Refer: 1777 57433 N 1 0 0 1 0 0 3
Validated: 1
EndChar
