StartChar: idotaccent.sc
Encoding: 57526 57526 2188
Width: 323
VWidth: 714
Flags: W
HStem: -2 33<52.25 119 224.25 277.75> 429 33<143.25 196.75 302 368.75> 521 98<239.913 317.989>
VStem: 50 321 230 98<531.293 608.371>
DStem2: 148 122 227 122 0.208292 0.978067<-61.1179 298.417>
LayerCount: 2
Fore
Refer: 1777 57433 N 1 0 0 1 0 0 3
Refer: 675 775 S 1 0 0 1 334 -34 2
Validated: 1
EndChar
