StartChar: ij.sc
Encoding: 57488 57488 1828
Width: 571
VWidth: 714
Flags: W
HStem: -175 42<230.5 329.598> -2 33<51.25 118 223.25 276.75> 429 33<142.25 195.75 301 367.75 409.25 465.25 573 639.75>
VStem: 49 321
DStem2: 147 122 226 122 0.208292 0.978067<-61.1179 298.417> 409 75 492 96 0.208259 0.978074<-112.038 344.435>
LayerCount: 2
Fore
Refer: 1777 57433 N 1 0 0 1 -1 0 2
Refer: 1778 57434 N 1 0 0 1 264 0 2
Validated: 1
EndChar
