StartChar: iotadieresistonos
Encoding: 912 912 689
Width: 258
VWidth: 999
Flags: W
HStem: -10 65<114 187.824> 411 20<161 166 245 248.625> 525 92<116.347 193.653 276.347 353.653>
VStem: 88 180 109 92<532.347 609.653> 269 92<532.347 609.653>
DStem2: 77.4304 -10 152.347 -10 0.207912 0.978148<96.0994 416.776>
LayerCount: 2
Fore
Refer: 729 953 N 1 0 0 1 0 0 3
Refer: 1329 901 S 1 0 0 1 -80 -2 2
Validated: 1
LCarets2: 1 0
EndChar
