StartChar: iotadieresis
Encoding: 970 970 746
Width: 258
VWidth: 999
Flags: HW
HStem: -10 65<114 187.824> 411 20<161 166 245 248.625> 525 91<108.391 176.952 268.75 337.854>
VStem: 88 180 97 92<537.435 604.102> 258 92<537.898 605.223>
DStem2: 77.4304 -10 152.347 -10 0.207912 0.978148<96.0994 416.776>
LayerCount: 2
Fore
Refer: 729 953 N 1 0 0 1 0 0 3
Refer: 321 168 N 1 0 0 1 -58 -2 2
Validated: 1
LCarets2: 1 0
EndChar
