StartChar: itilde
Encoding: 297 297 62
Width: 261
VWidth: 999
Flags: HW
HStem: -10 65<133 206.613> 395 28<118.549 162> 526 44<254.608 331.208> 574 46<146.079 224.516>
VStem: 106.519 265.765 107 180
DStem2: 96.2882 -10 170.293 -10 0.21644 0.976296<100.542 390.643>
LayerCount: 2
Fore
Refer: 421 305 N 1 0 0 1 0 0 3
Refer: 669 732 N 0.9 0 0 1 -4 -48 2
Validated: 1
EndChar
