StartChar: j.inferior
Encoding: 57681 57681 2198
Width: 207
VWidth: 952
Flags: W
HStem: -213 19<14.763 44.125> 123 21<84.141 116.806> 206 57<140.916 196.365>
VStem: -32.7783 47.1863<-193.594 -155.418>
DStem2: 55.169 -213 103.987 -213 0.207912 0.978148<42.6798 337.917 435.07 490.184>
LayerCount: 2
Fore
Refer: 1459 690 S 1 0 0 1 -93 -476 3
Validated: 1
EndChar
