StartChar: l.inferior
Encoding: 57683 57683 2200
Width: 161
VWidth: 917
Flags: W
HStem: -112 23<-12.5973 1.939 100.939 109.057> 225 21<49.893 82.559>
VStem: -14.9434 162.87
DStem2: 21.593 -112 70.593 -112 0.207912 0.978148<39.7825 338.912>
LayerCount: 2
Fore
Refer: 1942 737 S 1 0 0 1 -107 -476 3
Validated: 1
EndChar
