StartChar: lacute.sc
Encoding: 57504 57504 2078
Width: 436
VWidth: 714
Flags: W
HStem: 0 34<48.8958 120.479 211.797 342.03> 429 33<138.25 191.75 297 363.75>
DStem2: 143 122 211 69 0.207293 0.978279<-64.9822 300.291>
LayerCount: 2
Fore
Refer: 1780 57436 N 1 0 0 1 0 0 3
Refer: 672 769 N 1 0 0 1 360 -38 2
Validated: 1
EndChar
