StartChar: lcaron.sc
Encoding: 57522 57522 2096
Width: 436
VWidth: 714
Flags: W
HStem: 0 34<48.8958 120.479 211.797 342.03> 371 17<392.598 414.676> 429 33<138.25 191.75 297 363.75> 478 72<425.968 468.73>
VStem: 393.233 123.566
DStem2: 143 122 211 69 0.207293 0.978279<-64.9822 300.291>
LayerCount: 2
Fore
Refer: 1780 57436 N 1 0 0 1 0 0 3
Refer: 657 700 N 1 0 0 1 260 -102 2
Validated: 1
EndChar
