StartChar: lcommaaccent
Encoding: 316 316 432
Width: 237
VWidth: 999
Flags: W
HStem: -235 24<61.712 100.08> -132 82<98.818 148.347> -10 60<106.25 185.526> 648 28<146.239 189> 669 20<260.333 278.624>
VStem: 61.902 129.259 83 79<24.5 154.718> 207 85.4951<566.579 676.751>
DStem2: 69.5802 -10 144.88 -10 0.207912 0.978148<91.9705 649.265>
LayerCount: 2
Fore
Refer: 682 806 S 1 0 0 1 405 -9 2
Refer: 294 108 N 1 0 0 1 0 0 3
Validated: 1
EndChar
