StartChar: m.inferior
Encoding: 57684 57684 2201
Width: 464
VWidth: 917
Flags: W
HStem: -112 23<11.203 50.861 101.249 130 161.562 203.969 254.005 280 311.203 353.969 404.004 430> 127 34<186.994 237.717 336.686 386.833>
VStem: 391 50<42.8 124.46>
DStem2: 44.372 -112 91.372 -112 0.207912 0.978148<49.0815 228.26> 198.372 -112 245.372 -112 0.207912 0.978148<45.94 205.31> 348.372 -112 395.372 -112 0.207912 0.978148<45.985 205.057>
LayerCount: 2
Fore
Refer: 2110 57548 S 1 0 0 1 -103 -476 3
Validated: 5
EndChar
