StartChar: n.inferior
Encoding: 57685 57685 2202
Width: 329
VWidth: 917
Flags: W
HStem: -112 23<25.742 64.936 138.018 148.697 181.254 199.018> 123 21<70.451 103.188> 127 34<203.986 256.562>
VStem: 261.207 51.0574<41.641 123.368>
DStem2: 58.697 -112 107.697 -112 0.21644 0.976296<51.9839 222.698> 219.697 -112 267.697 -112 0.21644 0.976296<51.7019 203.362>
LayerCount: 2
Fore
Refer: 1085 8319 S 1 0 0 1 -88 -476 3
Validated: 1
EndChar
