StartChar: nacute.sc
Encoding: 57506 57506 2080
Width: 610
VWidth: 714
Flags: W
HStem: -12 21<465.5 479> -2 33<42.25 109 182.25 235.75> 429 33<144 187.209 472.25 525.75 599 665.75>
DStem2: 138 122 185 122 0.20709 0.978322<-68.805 236.669> 286 460 264 323 0.472924 -0.881103<82.6881 371.919> 483 151 501 15 0.208909 0.977935<-21.3469 269.595>
LayerCount: 2
Fore
Refer: 1782 57438 N 1 0 0 1 0 0 3
Refer: 672 769 S 1 0 0 1 504 -37 2
Validated: 1
EndChar
