StartChar: napostrophe
Encoding: 329 329 445
Width: 546
VWidth: 999
Flags: W
HStem: -10 21<115.996 140.458 365.037 390.006> 6 28<438.772 504.331> 379 60<362.441 454.409> 395 28<108.549 152> 519 17<125.598 147.676> 626 72<158.968 201.73>
VStem: 102.049 77.5004<-4.29117 110.93> 126.233 123.566 174.387 80.619<304.816 391.952> 349.695 84.9437<18.224 141.877> 422 82.1071<261.63 378.155>
DStem2: 97.5042 -10 173.427 -10 0.207912 0.978148<23.2088 305.583 336.618 379.219>
LayerCount: 2
Fore
Refer: 296 110 N 1 0 0 1 13 0 2
Refer: 657 700 N 1 0 0 1 -7 46 2
Validated: 1
EndChar
