StartChar: ntilde
Encoding: 241 241 394
Width: 497
VWidth: 999
Flags: W
HStem: -10 21<102.996 127.458 352.037 377.006> 6 28<425.772 491.331> 379 60<349.441 441.409> 395 28<95.5485 139> 526 44<389.342 474.453> 574 46<268.755 355.907>
VStem: 89.0486 77.5004<-4.29117 110.93> 161.387 80.619<304.816 391.952> 224.799 295.294 336.695 84.9437<18.224 141.877> 409 82.1071<261.63 378.155>
DStem2: 84.5042 -10 160.427 -10 0.207912 0.978148<23.2088 305.583 336.618 379.219>
LayerCount: 2
Fore
Refer: 674 771 N 1 0 0 1 395 -48 2
Refer: 296 110 S 1 0 0 1 0 0 3
Validated: 1
Substitution2: "'smcp' Gemeine nach Kapitaelchen 1" ntilde.sc
AlternateSubs2: "LinLibertine-'aalt' Alle Alternativen zeigen 1" ntilde.sc
EndChar
