StartChar: oneeighth
Encoding: 8539 8539 1131
Width: 660
VWidth: 999
Flags: W
HStem: -87 26<448.68 534.16> 216 26<507.947 581.872> 316 26<133.048 202.635 266.723 313> 620 20<276.5 317>
VStem: 129 188 384.799 50.5245<-53.649 29.1519> 439.286 50.9819<122.155 204.406> 565.936 57.9351<-37.2595 57.7912> 589.034 47.2168<136.002 212.788>
DStem2: 98 -34 140 -42 0.677057 0.735931<22.5489 781.323> 201.033 316 252.033 316 0.21644 0.976296<43.1973 259.022> 536 108 480 94 0.868985 -0.494839<-62.8931 -29.2075 -17.5527 8.91539 22.8229 68.0576>
LayerCount: 2
Fore
Refer: 1135 8543 S 1 0 0 1 0 0 2
Refer: 1094 8328 N 1 0 0 1 354 30 2
Validated: 1
Ligature2: "'frac' Brueche 1" one fraction eight
Ligature2: "'frac' Brueche 1" one slash eight
LCarets2: 2 0 0
EndChar
