StartChar: onefifth
Encoding: 8533 8533 1127
Width: 660
VWidth: 999
Flags: W
HStem: -86 27<446.268 524.404> 106 27<479.59 550.14> 203 35<509 644> 316 26<133.048 202.635 266.723 313> 620 20<276.5 317>
VStem: 129 188 565.858 57.0637<-18.1968 97.4065>
DStem2: 98 -34 140 -42 0.677057 0.735931<22.5489 781.323> 201.033 316 252.033 316 0.21644 0.976296<43.1973 259.022> 440 95 479 122 0.353273 0.93552<39.0367 125.412>
LayerCount: 2
Fore
Refer: 1135 8543 N 1 0 0 1 0 0 2
Refer: 1091 8325 S 1 0 0 1 361 31 2
Validated: 1
Ligature2: "'frac' Brueche 1" one fraction five
Ligature2: "'frac' Brueche 1" one slash five
LCarets2: 2 0 0
EndChar
