StartChar: onesixth
Encoding: 8537 8537 1607
Width: 660
VWidth: 999
Flags: W
HStem: -86 24<459.483 527.242> 87 24<487.117 546.355> 224 19<607.053 644> 316 26<133.048 202.635 266.723 313> 620 20<276.5 317>
VStem: 129 188 389.174 51.417<-52.8193 76.8213> 560.493 56.5753<-28.7688 81.3354>
DStem2: 98 -34 140 -42 0.677057 0.735931<22.5489 781.323> 201.033 316 252.033 316 0.21644 0.976296<43.1973 259.022>
LayerCount: 2
Fore
Refer: 1135 8543 S 1 0 0 1 0 0 2
Refer: 1092 8326 N 1 0 0 1 352 31 2
Validated: 1
LCarets2: 2 0 0
Ligature2: "'frac' Brueche 1" one fraction six
Ligature2: "'frac' Brueche 1" one slash six
EndChar
