StartChar: onethird
Encoding: 8531 8531 1125
Width: 660
VWidth: 999
Flags: W
HStem: -85 30<436.853 528.781> 81 27<486.878 505.673> 215 30<499.39 575.578> 316 26<133.048 202.635 266.723 313> 620 20<276.5 317>
VStem: 129 188 437 52<164.019 206.672> 570.088 63.3827<-15.4661 74.9951> 578.049 60.3014<148.804 213.624>
DStem2: 98 -34 140 -42 0.677057 0.735931<22.5489 781.323> 201.033 316 252.033 316 0.21644 0.976296<43.1973 259.022>
LayerCount: 2
Fore
Refer: 1135 8543 N 1 0 0 1 0 0 2
Refer: 1089 8323 N 1 0 0 1 358 33 2
Validated: 1
Ligature2: "'frac' Brueche 1" one fraction three
Ligature2: "'frac' Brueche 1" one slash three
LCarets2: 2 248 427
EndChar
