StartChar: p.inferior
Encoding: 57687 57687 2203
Width: 305
VWidth: 442
Flags: W
HStem: -243 23<-26.9531 11.165 61.25 91> -112 26<109.495 179.641> 117 22<50 73.716> 124 31<161.804 221.157>
VStem: 231 53<-21.298 120.496>
DStem2: 5.372 -243 52.372 -243 0.207912 0.978148<48.8737 164.464 214.647 362.635>
LayerCount: 2
Fore
Refer: 2112 57551 S 1 0 0 1 -103 -476 2
Validated: 1
EndChar
