StartChar: perthousand
Encoding: 8240 8240 1063
Width: 896
VWidth: 999
Flags: HW
HStem: -19 29<455.685 520.138 735.176 799.094> 218 32<493.086 561.522 775.219 843.044> 297 29<197.253 262.22> 478 37<351.857 527.376> 533 32<236.445 305.752> 549 20<565.5 617.429>
VStem: 131 51<334.252 473.31> 318 31<399.222 498.503> 388 51<18.3327 158.102> 575 30<85.0924 203.979> 668 52<18.3327 158.102> 856 30<86.9512 203.979>
DStem2: 102 -5 139 -14 0.649453 0.760402<17.1862 659.688 695.081 750.806>
LayerCount: 2
Fore
Refer: 1621 57375 S 1 0 0 1 618 0 2
Refer: 4 37 S 1 0 0 1 0 0 2
Validated: 1
EndChar
