StartChar: r.inferior
Encoding: 57689 57689 2205
Width: 246
VWidth: 952
Flags: W
HStem: -111 23<-5.394 21.143 121.143 139.26> 121 40<176.77 236.233> 123 21<48.141 80.806>
VStem: -7.7402 261.032
DStem2: 40.814 -111 89.814 -111 0.207912 0.978148<39.6075 233.645>
LayerCount: 2
Fore
Refer: 1460 691 S 1 0 0 1 -107 -476 3
Validated: 1
EndChar
