StartChar: racute.sc
Encoding: 57510 57510 2084
Width: 516
VWidth: 714
Flags: W
HStem: -7 35<452.396 500.147> -2 33<47.25 114 216.625 257.75 450.837 502.978> 209 29<247 324.809> 431 29<139.326 188.288 294 414.898>
VStem: 430.236 86.5901<302.112 420.928>
DStem2: 143 122 222 122 0.206812 0.978381<-64.9567 105.18 135.001 299.494>
LayerCount: 2
Fore
Refer: 1786 57442 N 1 0 0 1 0 0 3
Refer: 672 769 S 1 0 0 1 407 -38 2
Validated: 1
EndChar
