StartChar: rcommaaccent
Encoding: 343 343 459
Width: 363
VWidth: 999
Flags: HW
HStem: -226 24<33.712 72.08> -123 82<70.818 120.347> 374 62<323.125 396.022> 395 28<94.5485 138>
VStem: 33.902 129.259 89.25 77<-4.05662 113.437>
DStem2: 84.3926 -10 160.428 -10 0.207912 0.978148<24.1045 286.758 327.361 403.616>
LayerCount: 2
Fore
Refer: 300 114 N 1 0 0 1 0 0 3
Refer: 682 806 S 1 0 0 1 377 0 2
Validated: 1
EndChar
