StartChar: t.inferior
Encoding: 57691 57691 2207
Width: 197
VWidth: 999
Flags: W
HStem: -118 35<63 132.608> 126 29<44.188 81.381 136 199.947>
VStem: 37 50<-82.74 24.328>
DStem2: 40 -57 94 -27 0.256435 0.966561<3.76454 187.651 229.565 304.171>
LayerCount: 2
Fore
Refer: 2114 57555 S 1 0 0 1 -112 -476 3
Validated: 1
EndChar
