StartChar: tcaron.sc
Encoding: 57523 57523 2097
Width: 529
VWidth: 714
Flags: HW
HStem: -2 33<155.25 222 327.25 380.75> 426 34<182.89 306.295 397.23 520.695> 450 20<135.5 155 569 584>
VStem: 107 26<334.943 358.506> 539 28<334.141 402.375>
DStem2: 251 122 330 122 0.208737 0.977972<-61.1201 302.604>
LayerCount: 2
Fore
Refer: 1788 57444 N 1 0 0 1 0 0 3
Refer: 659 711 S 1 0 0 1 87 -10 2
Validated: 1
EndChar
