StartChar: tcommaaccent
Encoding: 539 539 610
Width: 307
VWidth: 999
Flags: HW
HStem: -247 24<67.712 106.08> -144 82<104.818 154.347> -10 60<138.5 218.126> 390 39<108.202 180 263 364.943>
VStem: 67.902 129.259
DStem2: 87.6231 -10 161.628 -10 0.21644 0.976296<92.8782 410.512 466.552 573.478>
LayerCount: 2
Fore
Refer: 302 116 N 1 0 0 1 0 0 3
Refer: 682 806 N 1 0 0 1 411 -21 2
Validated: 1
EndChar
