StartChar: tcommaaccent.sc
Encoding: 57524 57524 2186
Width: 529
VWidth: 714
Flags: W
HStem: -247 24<175.712 214.08> -144 82<212.818 262.347> -2 33<155.25 222 327.25 380.75> 426 34<182.89 306.295 397.23 520.695> 450 20<135.5 155 569 584>
VStem: 107 26<334.943 358.506> 175.902 129.259 539 28<334.141 402.375>
DStem2: 251 122 330 122 0.208737 0.977972<-61.1201 302.604>
LayerCount: 2
Fore
Refer: 1788 57444 N 1 0 0 1 0 0 3
Refer: 682 806 S 1 0 0 1 519 -21 2
Validated: 1
EndChar
