StartChar: u.inferior
Encoding: 57692 57692 2208
Width: 306
VWidth: 917
Flags: W
HStem: -118 35<101.957 152.316> -96 22<256.284 280> 132 23<60 84.996 210 238.75>
VStem: 48 50<-81.247 48>
DStem2: 33.445 -118 80.319 -118 0.207912 0.978148<84.2168 243.379> 185.947 -118 237.185 -118 0.207912 0.978148<61.4146 240.757>
LayerCount: 2
Fore
Refer: 2115 57556 S 1 0 0 1 -103 -476 3
Validated: 1
EndChar
