StartChar: udieresis.sc
Encoding: 57484 57484 1824
Width: 571
VWidth: 714
Flags: W
HStem: -10 41<244.94 393.624> 429 33<125.25 178.75 284 350.75 456.25 509.75 583 649.75> 523 95<299.016 376.984 468.016 545.984>
VStem: 291 94<530.394 610.312> 460 94<530.394 610.312>
DStem2: 142 181 226 202 0.211654 0.977345<-73.4024 238.494> 480 211 530 224 0.207951 0.978139<-122.585 208.151>
LayerCount: 2
Fore
Refer: 321 168 S 1 0 0 1 141 -2 2
Refer: 1789 57445 N 1 0 0 1 0 0 3
Validated: 1
EndChar
