StartChar: uni023D
Encoding: 573 573 1729
Width: 506
VWidth: 999
Flags: W
HStem: 0 31<19.7188 94> 0 39<205.096 393.356> 351 44<34.007 407.29> 614 33<137.562 201.125 316 390.281>
DStem2: 98.643 -2 180.406 -2 0.207912 0.978148<73.9415 605.102>
LayerCount: 2
Fore
Refer: 1412 773 N 1 0 0 1 298 -250 2
Refer: 263 76 N 1 0 0 1 0 0 3
Validated: 5
EndChar
