StartChar: uni04F0
Encoding: 1264 1264 1351
Width: 580
VWidth: 999
Flags: W
TeX: 57 0
HStem: -22 62<130 230.071> 618 28<127 171.15 281.582 360.25 517 580.688 637.513 701.949> 705 92<327.347 404.653 517.347 594.653>
VStem: 320 92<712.347 789.653> 510 92<712.347 789.653>
DStem2: 372 229 197 559 0.258089 -0.966121<-383.543 0> 310 136 373 161 0.509587 0.860419<-111.943 0 111.613 545.5>
LayerCount: 2
Fore
Refer: 84 1059 N 1 0 0 1 0 0 3
Refer: 2234 58210 S 1 0 0 1 554 3 2
Validated: 1
EndChar
