StartChar: uni02AC
Encoding: 684 684 1684
Width: 474
VWidth: 999
Flags: W
HStem: 270 23<103.378 127.205 180.938 215.013 250.378 272.589 326.561 362.013 420.378 451.744 485.168 519.675> 608 23<166.378 190.205 243.938 278.013 313.378 335.589 389.561 425.013 483.378 514.744 548.168 582.675>
DStem2: 182.392 239 133.188 238 0.164986 -0.986296<-21.725 155.337> 245.392 577 196.188 576 0.164986 -0.986296<-21.725 155.337> 272.264 424 264.685 372 0.500161 0.865932<0 120.94> 327.392 239 282.509 215 0.164986 -0.986296<-19.6985 16.266 50.4737 155.172> 390.392 577 345.509 553 0.164986 -0.986296<-19.6985 16.266 50.4737 155.172> 353.264 86 346.685 34 0.513517 0.858079<0 195.31> 416.264 424 409.685 372 0.513517 0.858079<0 195.31 -396.329 -275.389>
LayerCount: 2
Fore
Refer: 1462 695 N 1 0 0 1 25 0 2
Refer: 1462 695 N 1 0 0 1 -38 -338 2
Validated: 1
EndChar
