StartChar: uni0214
Encoding: 532 532 603
Width: 634
VWidth: 999
Flags: W
HStem: -10 41<260.843 424.46> 614 33<128.719 185.155 298.709 377.281 535.719 601.958 685.947 749.438> 671 149<438 529>
VStem: 121.05 82.8234<85.2607 318.417> 348 236<690 769>
DStem2: 497.996 -10 544.17 -10 0.207912 0.978148<139.998 613.126>
LayerCount: 2
Fore
Refer: 272 85 N 1 0 0 1 0 0 3
Refer: 2230 58206 N 1 0 0 1 542 73 2
Validated: 1
EndChar
