StartChar: uni01F0
Encoding: 496 496 567
Width: 259
VWidth: 999
Flags: HW
HStem: -235 33.5508<-7.4768 59.2038> 395 28<122.549 166> 416 20<236 258.624>
DStem2: 69.929 -235 142.267 -235 0.207912 0.978148<147.805 630.554>
LayerCount: 2
Fore
Refer: 1269 63166 N 1 0 0 1 0 0 3
Refer: 659 711 S 1 0 0 1 -44 -9 2
Validated: 1
LCarets2: 1 0
EndChar
