StartChar: uni0246
Encoding: 582 582 2345
Width: 533
VWidth: 999
Flags: W
HStem: -13 21<-4.14502 25.617> 0 31<18.7188 93> 0 39<201.58 421.005> 323 38<252 402.269> 605 40<304.854 494.992> 614 33<137.511 200.125> 638 20<604.559 634.372>
VStem: 406 32<251.77 314.081> 440 32<384.682 432.23> 522 33<498.16 570.91>
DStem2: -24.135 19 5.35498 -13 0.711702 0.702482<-8.00968 918.338> 97.643 -2 179.894 -2 0.207912 0.978148<71.6333 348.535 387.16 604.895>
LayerCount: 2
Fore
Refer: 1692 824 S 1 0 0 1 610 0 2
Refer: 29 69 N 1 0 0 1 0 0 3
Validated: 5
EndChar
