StartChar: uni0206
Encoding: 518 518 589
Width: 533
VWidth: 999
Flags: W
HStem: 0 31<18.7188 93> 0 39<201.58 421.005> 323 38<252 402.269> 605 40<304.854 494.992> 614 33<137.511 200.125> 752 53<352 497>
VStem: 406 32<251.77 314.081> 440 32<384.682 432.23> 516 30<691 732> 522 33<498.16 570.91>
DStem2: 97.643 -2 179.894 -2 0.207912 0.978148<71.6333 348.535 387.16 604.895>
LayerCount: 2
Fore
Refer: 29 69 N 1 0 0 1 0 0 3
Refer: 2231 58207 S 1 0 0 1 445 147 2
Validated: 1
EndChar
