StartChar: uni0189
Encoding: 393 393 501
Width: 671
VWidth: 999
Flags: W
HStem: -2 34<20.145 96.691 205.736 396.922> 303 39<71.9822 340.936> 613 32<137.562 202.044 315.992 476.342>
VStem: 603.448 94.0524<244.425 484.516>
DStem2: 98.643 -2 180.72 -2 0.207912 0.978148<69.4018 605.235>
LayerCount: 2
Fore
Refer: 361 208 N 1 0 0 1 0 0 2
Validated: 5
EndChar
