StartChar: uni04C1
Encoding: 1217 1217 1976
Width: 855
VWidth: 999
Flags: W
HStem: -1 29<25.6875 75.5938 301.688 386.542 484.832 556 796.75 832> 323 43<356.523 450 540 617.015> 590 61<212.799 279.693 813.488 899.657> 618 28<426 496.049 595.305 680.25> 698 38<544.066 633.638>
VStem: 285 34<408.306 583.878> 466.49 73<740.059 805.351>
DStem2: 401 71 482 71 0.191235 0.981544<2.7235 525.416>
LayerCount: 2
Fore
Refer: 2232 58208 N 1 0 0 1 631.49 5 2
Refer: 76 1046 N 1 0 0 1 0 0 3
Validated: 5
EndChar
