StartChar: uni01DB
Encoding: 475 475 546
Width: 634
VWidth: 999
Flags: W
HStem: -10 41<262.349 423.89> 618 29<137 181.125 293.966 336.904 573.309 605.507> 660 94<353.394 432.606 497.394 576.606> 744.48 105.6
VStem: 333.35 154 346 94<667.394 746.606> 490 94<667.394 746.606>
DStem2: 76.4631 -10 152.147 -10 0.21644 0.976296<169.533 615.806> 495.374 -10 538.383 -10 0.21644 0.976296<135.134 617.002>
LayerCount: 2
Fore
Refer: 2224 58200 S 0.77 0 0 0.88 445 242 2
Refer: 373 220 N 1 0 0 1 0 0 3
Validated: 1
LCarets2: 1 0
EndChar
