StartChar: uni04DC
Encoding: 1244 1244 1340
Width: 855
VWidth: 999
Flags: HW
TeX: 57 0
HStem: -1 29<25.6875 75.5938 301.688 386.542 484.832 556 796.75 832> 323 43<356.523 450 540 617.015> 590 61<212.799 279.693 813.488 899.657> 618 28<426 496.049 595.305 680.25> 703 91<448.391 516.952 608.75 677.854>
VStem: 285 34<408.306 583.878> 437 92<715.435 782.102> 598 92<715.898 783.223>
DStem2: 401 71 482 71 0.191235 0.981544<2.7235 525.416>
LayerCount: 2
Fore
Refer: 76 1046 N 1 0 0 1 0 0 3
Refer: 321 168 S 1 0 0 1 282 176 2
Validated: 5
EndChar
