StartChar: uni0400
Encoding: 1024 1024 1333
Width: 533
VWidth: 999
Flags: W
TeX: 57 0
HStem: 0 31<13.7188 88> 0 39<196.58 416.005> 323 38<247 397.269> 605 40<299.854 489.992> 614 33<132.511 195.125> 698 120
VStem: 280 200 401 32<251.77 314.081> 435 32<384.682 432.23> 517 33<498.16 570.91>
DStem2: 92.643 -2 174.894 -2 0.207912 0.978148<71.6333 348.535 387.16 604.895>
LayerCount: 2
Fore
Refer: 771 1045 N 1 0 0 1 -5 0 3
Refer: 2224 58200 S 1 0 0 1 425 127 2
Validated: 1
EndChar
