StartChar: uni01D8
Encoding: 472 472 543
Width: 506
VWidth: 999
Flags: W
HStem: -10 60<155.449 249.182 394.753 460.664> 395 28<99.5485 143> 416 20<211 233.624 468 492.5> 527 92<245.347 322.653 405.347 482.653>
VStem: 105.799 81.7871<51.2987 190.058> 238 92<534.347 611.653> 352 78<13.0709 125.549> 398 92<534.347 611.653> 428 78<319.717 433.119>
DStem2: 84.8412 -10 161.141 -10 0.207912 0.978148<120.689 405.386> 335.092 -10 412.975 -10 0.207912 0.978148<92.4828 139.038 161.104 452.464>
LayerCount: 2
Fore
Refer: 396 252 N 1 0 0 1 0 0 3
Refer: 672 769 S 0.8 0 0 0.9 465 110 2
Validated: 1
LCarets2: 1 0
EndChar
