StartChar: uni026B
Encoding: 619 619 1637
Width: 287
VWidth: 999
Flags: W
HStem: -10 60<118.25 197.526> 273 44<227.342 312.453> 321 46<106.755 193.907> 648 28<158.239 201> 669 20<272.333 290.624>
VStem: 62.799 295.294 95 79<24.5 154.718> 219 85.4951<566.579 676.751>
DStem2: 81.5802 -10 156.88 -10 0.207912 0.978148<91.9705 649.265>
AnchorPoint: "unten_punkt" 146 -114 basechar 0
LayerCount: 2
Fore
Refer: 669 732 S 1 0 0 1 -60 -301 2
Refer: 294 108 N 1 0 0 1 12 0 2
Validated: 5
EndChar
