StartChar: uni04EF
Encoding: 1263 1263 127
Width: 479
VWidth: 999
Flags: W
HStem: -234 62<83.1972 168.586> 364 75<162.522 231.5> 570 44<195.19 473.349>
VStem: 192.509 284.052
DStem2: 250 -66 293 -70 0.536365 0.843986<-136.125 48.966 138.666 366.548>
LayerCount: 2
Fore
Refer: 661 713 S 1 0 0 1 16 32 2
Refer: 797 1091 N 1 0 0 1 0 0 3
Validated: 1
LCarets2: 1 0
EndChar
