StartChar: uni01CB
Encoding: 459 459 530
Width: 922
VWidth: 999
Flags: HW
HStem: -235 33.5508<655.523 722.204 655.523 722.204> -10 21<549.5 563.5> -2 33<15.7188 85.4644 174.021 234.281> 395 28<785.549 829 785.549 829> 416 20<899 921.624 899 921.624> 521 98<869.913 947.989 869.913 947.989> 614 33<141.562 180.23 569.562 629.409 717.942 787.438>
VStem: 860 98<531.293 608.371 531.293 608.371>
DStem2: 93.6044 -10 140.604 -10 0.207912 0.978148<73.563 518.944> 277 645 274 455 0.491667 -0.870783<122.109 564.244> 522.045 -10 569.045 -10 0.207912 0.978148<168.724 616> 732.929 -235 805.267 -235 0.207912 0.978148<147.805 630.554>
LayerCount: 2
Fore
Refer: 292 106 N 1 0 0 1 663 0 2
Refer: 265 78 N 1 0 0 1 0 0 2
Validated: 1
LCarets2: 1 0
EndChar
