StartChar: uni04E5
Encoding: 1253 1253 1347
Width: 506
VWidth: 999
Flags: HW
TeX: 57 0
HStem: -10 60<155.449 249.182 394.753 460.664> 395 28<99.5485 143> 416 20<211 233.624 468 492.5> 499 91<265.112 333.673 425.471 494.575>
VStem: 105.799 81.7871<51.2987 190.058> 253.721 92<511.435 578.102> 352 78<13.0709 125.549> 414.721 92<511.898 579.223> 428 78<319.717 433.119>
DStem2: 84.8412 -10 161.141 -10 0.207912 0.978148<120.689 405.386> 335.092 -10 412.975 -10 0.207912 0.978148<92.4828 139.038 161.104 452.464>
LayerCount: 2
Fore
Refer: 321 168 N 1 0 0 1 98.7213 -28 2
Refer: 786 1080 N 1 0 0 1 0 0 3
Validated: 1
EndChar
