StartChar: uni04F9
Encoding: 1273 1273 1356
Width: 666
VWidth: 999
Flags: HW
TeX: 57 0
HStem: -12 34<187.5 295.713> -10 65<510 583.824> 262 53<312.522 404.5> 395 28<118.549 162> 411 20<557 562 641 644.625> 416 20<229 251.624> 525 91<319.391 387.952 479.75 548.854>
VStem: 308 92<537.435 604.102> 379 78<127.626 252.579> 469 92<537.898 605.223> 484 180
DStem2: 97.1757 -12 169.793 -12 0.21644 0.976296<261.544 392.403> 473.43 -10 548.347 -10 0.207912 0.978148<96.0994 416.776>
LayerCount: 2
Fore
Refer: 321 168 S 1 0 0 1 153 -2 2
Refer: 100 1099 N 1 0 0 1 0 0 3
Validated: 1
EndChar
