StartChar: uni01F4
Encoding: 500 500 571
Width: 656
VWidth: 999
Flags: W
HStem: -10 36<289.8 481.288> 265 36<481.789 545.869 645.179 689.211> 622 36<393.648 560.275> 698 120
VStem: 86.7221 97.5039<139.735 367.343> 424 227 639 33<456.504 533.861>
DStem2: 505.846 -10 585.406 -10 0.207912 0.978148<105.038 264.596>
LayerCount: 2
Fore
Refer: 31 71 N 1 0 0 1 0 0 3
Refer: 2225 58201 N 1 0 0 1 586 127 2
Validated: 1
LCarets2: 1 0
EndChar
