StartChar: uni04EE
Encoding: 1262 1262 1350
Width: 580
VWidth: 999
Flags: W
TeX: 57 0
HStem: -22 62<130 230.071> 618 28<127 171.15 281.582 360.25 517 580.688 637.513 701.949> 765 44<282.19 560.349>
VStem: 279.509 284.052
DStem2: 372 229 197 559 0.258089 -0.966121<-383.543 0> 310 136 373 161 0.509587 0.860419<-111.943 0 111.613 545.5>
LayerCount: 2
Fore
Refer: 661 713 S 1 0 0 1 103 227 2
Refer: 84 1059 N 1 0 0 1 0 0 3
Validated: 1
EndChar
