StartChar: uni0204
Encoding: 516 516 587
Width: 533
VWidth: 999
Flags: W
HStem: 0 31<18.7188 93> 0 39<201.58 421.005> 323 38<252 402.269> 605 40<304.854 494.992> 614 33<137.511 200.125> 681 149<397 488>
VStem: 307 236<700 779> 406 32<251.77 314.081> 440 32<384.682 432.23> 522 33<498.16 570.91>
DStem2: 97.643 -2 179.894 -2 0.207912 0.978148<71.6333 348.535 387.16 604.895>
LayerCount: 2
Fore
Refer: 29 69 N 1 0 0 1 0 0 3
Refer: 2230 58206 N 1 0 0 1 501 83 2
Validated: 1
EndChar
