StartChar: uni04F8
Encoding: 1272 1272 1355
Width: 786
VWidth: 999
Flags: W
TeX: 57 0
HStem: -1 30<19.75 105.941 202.406 342.307 513.049 597.542 695.832 766> 333 40<259 421.976> 618 28<145 213.545 313.519 398.25 637 707.168 805.135 889.951> 704 92<407.347 484.653 597.347 674.653>
VStem: 400 92<711.347 788.653> 472 91<133.097 289.197> 590 92<711.347 788.653>
DStem2: 104.483 -1 184.995 -1 0.207912 0.978148<77.6378 357.164 397.953 397.953 585.828 597.798> 596.271 -1 677.271 -1 0.207912 0.978148<79.7536 599.799>
LayerCount: 2
Fore
Refer: 91 1067 N 1 0 0 1 0 0 3
Refer: 2234 58210 S 1 0 0 1 634 2 2
Validated: 1
EndChar
