StartChar: uni04D2
Encoding: 1234 1234 109
Width: 667
VWidth: 999
Flags: HW
HStem: -2 33<8.5625 69.0686 170.524 221.281 424.562 495.012 613.887 663.438> 241 42<293.688 480> 638 20<499 509.873> 710 91<377.391 445.952 537.75 606.854>
VStem: 366 92<722.435 789.102> 527 92<722.898 790.223>
DStem2: 135 122 189 122 0.521048 0.853527<-44.9237 180.859 228.755 527.976> 507 658 445 555 0.142197 -0.989838<93.1371 367.35 409.919 602.6>
LayerCount: 2
Fore
Refer: 768 1040 N 1 0 0 1 0 0 3
Refer: 321 168 S 1 0 0 1 211 183 2
Validated: 1
LCarets2: 1 0
EndChar
