StartChar: uni04F4
Encoding: 1268 1268 1353
Width: 620
VWidth: 999
Flags: W
TeX: 57 0
HStem: -1 27<367.5 451.623 541.365 604> 250 58<274.659 415.585> 619 27<155 211.299 298.5 368.375 500 563.31 650.505 726.375> 705 92<343.347 420.653 533.347 610.653>
VStem: 174 81<328.398 449.2> 336 92<712.347 789.653> 526 92<712.347 789.653>
DStem2: 85.9298 -1 170.151 -1 0.207912 0.978148<411.22 612.869> 447.271 -1 527.271 -1 0.207912 0.978148<68.4637 324.093 350.23 610.926>
LayerCount: 2
Fore
Refer: 87 1063 N 1 0 0 1 0 0 3
Refer: 2234 58210 S 1 0 0 1 570 3 2
Validated: 1
EndChar
