StartChar: uni01CC
Encoding: 460 460 531
Width: 787
VWidth: 999
Flags: HW
HStem: -235 33.5508<520.523 587.204 520.523 587.204> -10 21<102.996 127.458 352.037 377.006> 6 28<425.772 491.331> 379 60<349.441 441.409> 395 28<95.5485 139 650.549 694 650.549 694> 416 20<764 786.624 764 786.624> 521 98<734.913 812.989 734.913 812.989>
VStem: 89.0486 77.5004<-4.29117 110.93> 161.387 80.619<304.816 391.952> 336.695 84.9437<18.224 141.877> 409 82.1071<261.63 378.155> 725 98<531.293 608.371 531.293 608.371>
DStem2: 84.5042 -10 160.427 -10 0.207912 0.978148<23.2088 305.583 336.618 379.219> 597.929 -235 670.267 -235 0.207912 0.978148<147.805 630.554>
LayerCount: 2
Fore
Refer: 292 106 N 1 0 0 1 528 0 2
Refer: 296 110 N 1 0 0 1 0 0 2
Validated: 1
LCarets2: 1 0
EndChar
