StartChar: uni01F3
Encoding: 499 499 570
Width: 893
VWidth: 999
Flags: W
HStem: -10 60<170.771 241.771 370.503 439.019> -10 77<732.946 846.067> 41 60.999<656.905 696.473> 354 58<737.44 884.515> 363 76<640.224 815.769> 402.211 36.7895<272.399 403.681> 648 28<392.239 435> 669 20<506.333 524.624>
VStem: 80 80<54.8642 248.18> 328 78<25.5 146.52> 452 86.495<564.397 676.752>
DStem2: 316.744 -10 388.368 -10 0.207912 0.978148<91.3673 137.362 154.94 410.242 448.826 648.878> 590 86 631.25 77.125 0.676587 0.736362<21.374 361.173>
LayerCount: 2
Fore
Refer: 286 100 N 1 0 0 1 0 0 2
Refer: 308 122 N 1 0 0 1 481 0 2
Validated: 1
EndChar
