StartChar: uni01B5
Encoding: 437 437 514
Width: 578
VWidth: 999
Flags: W
HStem: 0 38<166.913 448.124> 301 44<181.398 558.909> 602 43<252.478 543.045> 633 20<199 223.5>
DStem2: 54 38 178 72 0.673213 0.739448<0 108.62>
LayerCount: 2
Fore
Refer: 2264 822 N 1 0 0 1 565 100 2
Refer: 277 90 N 1 0 0 1 0 0 3
Validated: 5
EndChar
