StartChar: uni04F1
Encoding: 1265 1265 128
Width: 479
VWidth: 999
Flags: HW
HStem: -234 62<83.1972 168.586> 364 75<162.522 231.5> 525 91<234.391 302.952 394.75 463.854>
VStem: 223 92<537.435 604.102> 384 92<537.898 605.223>
DStem2: 250 -66 293 -70 0.536365 0.843986<-136.125 48.966 138.666 366.548>
LayerCount: 2
Fore
Refer: 321 168 S 1 0 0 1 68 -2 2
Refer: 797 1091 N 1 0 0 1 0 0 3
Validated: 1
LCarets2: 1 0
EndChar
