StartChar: uni01F2
Encoding: 498 498 569
Width: 1127
VWidth: 999
Flags: W
HStem: -10 77<937.946 1051.07> -2 34<20.145 96.691 205.736 396.922> 41 60.999<861.905 901.473> 354 58<942.44 1089.52> 363 76<845.224 1020.77> 613 32<137.562 202.044 315.992 476.342>
VStem: 603.448 94.0524<244.425 484.516>
DStem2: 98.643 -2 180.72 -2 0.207912 0.978148<69.4018 605.235> 795 86 836.25 77.125 0.676587 0.736362<21.374 361.173>
LayerCount: 2
Fore
Refer: 28 68 N 1 0 0 1 0 0 2
Refer: 308 122 S 1 0 0 1 686 0 2
Validated: 1
EndChar
