StartChar: uni0208
Encoding: 520 520 591
Width: 284
VWidth: 999
Flags: W
HStem: -2 33<19.7188 94 208.875 272.438> 614 33<137.562 201.125 316 390.281> 688 149<250 341>
VStem: 160 236<707 786>
DStem2: 98.643 -2 180.643 -2 0.207912 0.978148<69.4018 605.102>
LayerCount: 2
Fore
Refer: 260 73 N 1 0 0 1 0 0 3
Refer: 2230 58206 N 1 0 0 1 354 90 2
Validated: 1
EndChar
