StartChar: uni01F1
Encoding: 497 497 568
Width: 1269
VWidth: 999
Flags: W
HStem: -2 34<20.145 96.691 205.736 396.922> 0 38<832.913 1114.12> 602 43<918.478 1209.04> 613 32<137.562 202.044 315.992 476.342> 633 20<865 889.5>
VStem: 603.448 94.0524<244.425 484.516>
DStem2: 98.643 -2 180.72 -2 0.207912 0.978148<69.4018 605.235> 720 38 844 72 0.673213 0.739448<0 108.62>
LayerCount: 2
Fore
Refer: 28 68 N 1 0 0 1 0 0 2
Refer: 277 90 S 1 0 0 1 666 0 2
Validated: 1
LCarets2: 1 0
EndChar
