StartChar: uni01EF
Encoding: 495 495 566
Width: 426
VWidth: 999
Flags: W
HStem: -233 33<115.33 206.741> 125 34<236 256.627> 354 58<242.544 384.923> 363 76<159.224 314.776>
VStem: 25 77<-193.238 -134.283> 102 27<310.221 330.793> 301 84<-73.4527 86.2493>
DStem2: 207.788 185 236 159 0.615757 0.787936<-2.57369 213.823 275.515 333.515>
LayerCount: 2
Fore
Refer: 654 658 N 1 0 0 1 0 0 3
Refer: 659 711 S 1 0 0 1 13 -18 2
Validated: 1
LCarets2: 1 0
EndChar
