StartChar: uni01D5
Encoding: 469 469 540
Width: 634
VWidth: 999
Flags: W
HStem: -10 41<262.349 423.89> 618 29<137 181.125 293.966 336.904 573.309 605.507> 660 94<353.394 432.606 497.394 576.606> 806 44<335.19 613.349>
VStem: 332.509 284.052 346 94<667.394 746.606> 490 94<667.394 746.606>
DStem2: 76.4631 -10 152.147 -10 0.21644 0.976296<169.533 615.806> 495.374 -10 538.383 -10 0.21644 0.976296<135.134 617.002>
LayerCount: 2
Fore
Refer: 661 713 S 1 0 0 1 156 268 2
Refer: 373 220 N 1 0 0 1 0 0 3
Validated: 1
LCarets2: 1 0
EndChar
