StartChar: uni020A
Encoding: 522 522 593
Width: 284
VWidth: 999
Flags: W
HStem: -2 33<19.7188 94 208.875 272.438> 614 33<137.562 201.125 316 390.281> 751 53<225 370>
VStem: 389 30<690 731>
DStem2: 98.643 -2 180.643 -2 0.207912 0.978148<69.4018 605.102>
LayerCount: 2
Fore
Refer: 260 73 N 1 0 0 1 0 0 3
Refer: 2231 58207 S 1 0 0 1 318 146 2
Validated: 1
LCarets2: 1 0
EndChar
