StartChar: uni0182
Encoding: 386 386 1282
Width: 568
VWidth: 999
Flags: W
TeX: 57 0
HStem: -2 29<19.6875 101.045 196.967 354.195> 333 40<258 435.528> 469 21<564 594> 605 40<304.762 531.413> 618 27<153 222.704>
VStem: 486 88<139.068 290.461>
DStem2: 101.271 -2 178.208 -2 0.207912 0.978148<76.0801 358.602 399.391 605.744>
LayerCount: 2
Fore
Refer: 769 1041 N 1 0 0 1 0 0 3
Validated: 1
EndChar
