StartChar: uni0228
Encoding: 552 552 617
Width: 533
VWidth: 999
Flags: W
HStem: -181 25<154.812 258.484> -80 32<228.019 280.577> 0 31<18.7188 93> 0 39<201.58 421.005> 323 38<252 402.269> 605 40<304.854 494.992> 614 33<137.511 200.125>
VStem: 283 55<-141.671 -82.0497> 406 32<251.77 314.081> 440 32<384.682 432.23> 522 33<498.16 570.91>
DStem2: 97.643 -2 179.894 -2 0.207912 0.978148<71.6333 348.535 387.16 604.895> 256 7 253 -51 0.561269 0.827634<-49.6866 0>
LayerCount: 2
Fore
Refer: 29 69 N 1 0 0 1 0 0 3
Refer: 337 184 N 1 0 0 1 -27 0 2
Validated: 5
LCarets2: 1 0
EndChar
