StartChar: uni04D6
Encoding: 1238 1238 113
Width: 533
VWidth: 999
Flags: W
HStem: 0 31<18.7188 93> 0 39<201.58 421.005> 323 38<252 402.269> 605 40<304.854 494.992> 614 33<137.511 200.125> 693 38<376.576 466.148>
VStem: 299 73<735.059 800.351> 406 32<251.77 314.081> 440 32<384.682 432.23> 522 33<498.16 570.91>
DStem2: 97.643 -2 179.894 -2 0.207912 0.978148<71.6333 348.535 387.16 604.895>
LayerCount: 2
Fore
Refer: 771 1045 N 1 0 0 1 0 0 3
Refer: 2232 58208 S 1 0 0 1 464 0 2
Validated: 1
LCarets2: 1 0
EndChar
