StartChar: uni023C
Encoding: 572 572 1728
Width: 393
VWidth: 999
Flags: HW
HStem: -10 60<188.909 291.142> 402 37<250.195 326.608>
VStem: 83 83<72.9091 269.629> 338.868 80.604<336.642 395.641>
DStem2: 11.593 -2 36.304 -28 0.715714 0.698393<-8.04125 661.842>
LayerCount: 2
Fore
Refer: 285 99 N 1 0 0 1 0 0 3
Refer: 2265 823 N 1 0 0 1 464 0 2
Validated: 5
EndChar
