StartChar: uni01C4
Encoding: 452 452 523
Width: 1245
VWidth: 999
Flags: W
HStem: -2 34<20.145 96.691 205.736 396.922> 0 38<833.913 1115.12> 602 43<919.478 1210.04> 613 32<137.562 202.044 315.992 476.342> 633 20<866 890.5> 697 115
VStem: 603.448 94.0524<244.425 484.516> 989 244
DStem2: 98.643 -2 180.72 -2 0.207912 0.978148<69.4018 605.235> 721 38 845 72 0.673213 0.739448<0 108.62>
LayerCount: 2
Fore
Refer: 497 381 N 1 0 0 1 667 0 2
Refer: 28 68 N 1 0 0 1 0 0 2
Validated: 1
LCarets2: 1 0
EndChar
