StartChar: uni01E9
Encoding: 489 489 560
Width: 449
VWidth: 999
Flags: HW
HStem: -10 52<323.25 413.194> 220.997 43.0029<201 231.985> 377 62<358.464 456.482> 648 28<146.239 189> 669 20<260.333 278.624>
VStem: 207 85.495<564.865 676.752> 291.271 68.376<45.1477 196.35>
DStem2: 67.3927 -10 141.427 -10 0.207912 0.978148<28.0831 255.607 295.791 649.72>
LayerCount: 2
Fore
Refer: 293 107 N 1 0 0 1 0 0 3
Refer: 659 711 S 1 0 0 1 137 126 2
Validated: 1
LCarets2: 1 0
EndChar
