StartChar: uni01C9
Encoding: 457 457 528
Width: 519
VWidth: 999
Flags: HW
HStem: -235 33.5508<252.523 319.204 252.523 319.204> -10 60<106.25 185.526> 395 28<382.549 426 382.549 426> 416 20<496 518.624 496 518.624> 521 98<466.913 544.989 466.913 544.989> 648 28<146.239 189> 669 20<260.333 278.624>
VStem: 83 79<24.5 154.718> 207 85.4951<566.579 676.751> 457 98<531.293 608.371 531.293 608.371>
DStem2: 69.5802 -10 144.88 -10 0.207912 0.978148<91.9705 649.265> 329.929 -235 402.267 -235 0.207912 0.978148<147.805 630.554>
LayerCount: 2
Fore
Refer: 292 106 N 1 0 0 1 260 0 2
Refer: 294 108 N 1 0 0 1 0 0 2
Validated: 1
EndChar
