StartChar: uni03D4
Encoding: 980 980 755
Width: 530
VWidth: 999
Flags: W
HStem: -2 29<142.958 177 360 393.515> 615 43<158.569 253.004 513.925 609> 704 92<293.347 370.653 483.347 560.653>
VStem: 286 92<711.347 788.653> 300 63<336.88 558.528> 476 92<711.347 788.653>
DStem2: 222.633 -2 299.633 -2 0.207912 0.978148<61.2754 414.324>
LayerCount: 2
Fore
Refer: 753 978 N 1 0 0 1 0 0 3
Refer: 2234 58210 N 1 0 0 1 520 2 2
Validated: 1
LCarets2: 1 0
EndChar
