StartChar: uni04D4
Encoding: 1236 1236 111
Width: 829
VWidth: 999
Flags: W
HStem: -2 29<6.04907 39 166 193 328.812 365> 0 39<505.183 721.371> 266 39<319 464> 329 34<562 688.859> 605 40<610.299 797.498> 618 28<410 439>
VStem: 693 31<250 322.517> 827 29<491 560.634>
DStem2: 115 85 155 68 0.570338 0.82141<-22.6983 250.195 297.059 626.355> 409.846 -2 489.846 -2 0.207912 0.978148<65.1864 273.403 313.006 353.946 388.659 609.815>
LayerCount: 2
Fore
Refer: 351 198 N 1 0 0 1 0 0 3
Validated: 1
EndChar
