StartChar: uni01EE
Encoding: 494 494 565
Width: 608
VWidth: 999
Flags: W
HStem: -211 37<194.102 324.335> 471 21<147 179> 606 40<248.533 553> 697 115
VStem: 147 26<472.462 497.25> 317 244 487 91<-0.166016 180.193>
DStem2: 295 252 418 288 0.588986 0.808143<101.538 438.041>
LayerCount: 2
Fore
Refer: 516 439 N 1 0 0 1 0 0 3
Refer: 2227 58203 N 1 0 0 1 480 173 2
Validated: 1
LCarets2: 1 0
EndChar
