StartChar: uni01C5
Encoding: 453 453 524
Width: 1103
VWidth: 999
Flags: W
HStem: -10 77<918.946 1032.07> -2 34<20.145 96.691 205.736 396.922> 41 60.999<842.905 882.473> 354 58<923.44 1070.52> 363 76<826.224 1001.77> 613 32<137.562 202.044 315.992 476.342>
VStem: 603.448 94.0524<244.425 484.516>
DStem2: 98.643 -2 180.72 -2 0.207912 0.978148<69.4018 605.235> 776 86 817.25 77.125 0.676587 0.736362<21.374 361.173>
LayerCount: 2
Fore
Refer: 498 382 N 1 0 0 1 667 0 2
Refer: 28 68 N 1 0 0 1 0 0 2
Validated: 1
LCarets2: 1 0
EndChar
