StartChar: uni01B6
Encoding: 438 438 515
Width: 411
VWidth: 999
Flags: W
HStem: -10 77<251.946 365.067> 41 60.999<175.905 215.473> 201 44<135.398 372.909> 354 58<256.44 403.515> 363 76<159.224 334.769>
VStem: 132.945 243.052
DStem2: 109 86 150.25 77.125 0.676587 0.736362<21.374 361.173>
LayerCount: 2
Fore
Refer: 2263 821 N 1 0 0 1 404 0 2
Refer: 308 122 N 1 0 0 1 0 0 2
Validated: 5
EndChar
