StartChar: uni04D0
Encoding: 1232 1232 107
Width: 667
VWidth: 999
Flags: W
HStem: -2 33<8.5625 69.0686 170.524 221.281 424.562 495.012 613.887 663.438> 241 42<293.688 480> 638 20<499 509.873> 693 38<461.576 551.148>
VStem: 384 73<735.059 800.351>
DStem2: 135 122 189 122 0.521048 0.853527<-44.9237 180.859 228.755 527.976> 507 658 445 555 0.142197 -0.989838<93.1371 367.35 409.919 602.6>
LayerCount: 2
Fore
Refer: 768 1040 N 1 0 0 1 0 0 3
Refer: 2232 58208 N 1 0 0 1 549 0 2
Validated: 1
LCarets2: 1 0
EndChar
