StartChar: uni04BB
Encoding: 1211 1211 1975
Width: 483
VWidth: 999
Flags: W
HStem: -10 60<363 438.688> 379 60<346.646 463.667> 648 28<161.239 204> 669 20<275.333 293.624>
VStem: 89.0486 77.5002<-4.29117 110.716> 222 85.495<563.558 676.752> 337 85<7.74219 134.469>
DStem2: 101.818 71.4551 166.549 17.2344 0.216014 0.97639<-60.0664 227.727 262.102 566.007> 354 115 433 124 0.231072 0.972937<-30.5675 233.041>
AnchorPoint: "unten_anhang" 138 11 basechar 0
LayerCount: 2
Fore
Refer: 290 104 S 1 0 0 1 0 0 3
Validated: 1
EndChar
