StartChar: uni03D3
Encoding: 979 979 754
Width: 654
VWidth: 999
Flags: W
HStem: -2 29<244.958 279 462 495.515> 615 43<260.569 355.004 615.925 711>
VStem: 402 63<336.88 558.528>
DStem2: 324.633 -2 401.633 -2 0.207912 0.978148<61.2754 414.324>
LayerCount: 2
Fore
Refer: 753 978 N 1 0 0 1 102 0 2
Refer: 684 900 N 1 0 0 1 -72 -7 2
Validated: 1
LCarets2: 1 0
EndChar
