StartChar: uni04F5
Encoding: 1269 1269 1354
Width: 515
VWidth: 999
Flags: HW
TeX: 57 0
HStem: -10 65<371.086 447.602> 131 50<183.5 292.042> 395 28<113.549 157> 419 20<224 246.624 449 484> 525 91<250.391 318.952 410.75 479.854>
VStem: 239 92<537.435 604.102> 400 92<537.898 605.223>
DStem2: 92.4726 -10 165.827 -10 0.21644 0.976296<260.415 390.387> 341.288 -10 411.293 -10 0.21644 0.976296<99.6754 447.949>
LayerCount: 2
Fore
Refer: 321 168 S 1 0 0 1 84 -2 2
Refer: 96 1095 N 1 0 0 1 0 0 3
Validated: 5
EndChar
