StartChar: uni01C8
Encoding: 456 456 527
Width: 762
VWidth: 999
Flags: HW
HStem: -235 33.5508<495.523 562.204 495.523 562.204> 0 31<19.7188 94> 0 39<205.096 393.356> 395 28<625.549 669 625.549 669> 416 20<739 761.624 739 761.624> 521 98<709.913 787.989 709.913 787.989> 614 33<137.562 201.125 316 390.281>
VStem: 700 98<531.293 608.371 531.293 608.371>
DStem2: 98.643 -2 180.406 -2 0.207912 0.978148<73.9415 605.102> 572.929 -235 645.267 -235 0.207912 0.978148<147.805 630.554>
LayerCount: 2
Fore
Refer: 292 106 N 1 0 0 1 503 0 2
Refer: 263 76 N 1 0 0 1 0 0 2
Validated: 1
LCarets2: 1 0
EndChar
