StartChar: uni0247
Encoding: 583 583 2346
Width: 401
VWidth: 999
Flags: W
HStem: -10 60<189.668 291.711> 394 45<237.337 338.945>
VStem: 83 83<72.8566 200.7> 346 77<302.552 387.144>
DStem2: 11.593 -2 36.304 -28 0.715714 0.698393<-8.04125 661.842>
LayerCount: 2
Fore
Refer: 287 101 N 1 0 0 1 0 0 3
Refer: 2265 823 S 1 0 0 1 464 0 2
Validated: 5
EndChar
