StartChar: uni0213
Encoding: 531 531 602
Width: 363
VWidth: 999
Flags: HW
HStem: 374 62<323.125 396.022> 395 28<94.5485 138> 588 57<260.548 381.319>
VStem: 89.25 77<-4.05662 113.437> 410.319 29.4414<510 547.223>
DStem2: 84.3926 -10 160.428 -10 0.207912 0.978148<24.1045 286.758 327.361 403.616>
LayerCount: 2
Fore
Refer: 300 114 N 1 0 0 1 0 0 3
Refer: 1419 785 S 1 0 0 1 409 0 2
Validated: 1
LCarets2: 1 0
EndChar
