StartChar: uni0229
Encoding: 553 553 618
Width: 401
VWidth: 999
Flags: W
HStem: -186 25<108.812 212.484> -85 32<182.019 234.577> -10 60<189.668 291.711> 394 45<237.337 338.945>
VStem: 83 83<72.8566 200.7> 237 55<-146.671 -87.0497> 346 77<302.552 387.144>
DStem2: 210 2 207 -56 0.561269 0.827634<-49.6866 0>
LayerCount: 2
Fore
Refer: 287 101 N 1 0 0 1 0 0 3
Refer: 337 184 S 1 0 0 1 -73 -5 2
Validated: 5
LCarets2: 1 0
EndChar
