StartChar: uni01C7
Encoding: 455 455 526
Width: 768
VWidth: 999
Flags: W
HStem: -170 44<474.101 537.773> 0 31<19.7188 94> 0 39<205.096 393.356> 614 33<137.562 201.125 316 390.281 593.875 684.37 807.684 868.125>
DStem2: 98.643 -2 180.406 -2 0.207912 0.978148<73.9415 605.102> 549.919 -170 631.243 -170 0.207912 0.978148<126.403 772.909>
LayerCount: 2
Fore
Refer: 261 74 S 1 0 0 1 452 0 2
Refer: 263 76 N 1 0 0 1 0 0 2
Validated: 1
LCarets2: 1 0
EndChar
