StartChar: uni0216
Encoding: 534 534 605
Width: 634
VWidth: 999
Flags: W
HStem: -10 41<260.843 424.46> 614 33<128.719 185.155 298.709 377.281 535.719 601.958 685.947 749.438> 752 53<418 563>
VStem: 121.05 82.8234<85.2607 318.417> 582 30<691 732>
DStem2: 497.996 -10 544.17 -10 0.207912 0.978148<139.998 613.126>
LayerCount: 2
Fore
Refer: 272 85 N 1 0 0 1 0 0 3
Refer: 2231 58207 S 1 0 0 1 511 147 2
Validated: 1
LCarets2: 1 0
EndChar
