StartChar: uni04C2
Encoding: 1218 1218 1977
Width: 745
VWidth: 999
Flags: W
HStem: -12 57<68.0746 153.415 558.029 631.827> 213 35<312 374 456 520> 383 58<193.26 268.801 667.945 730.492> 481 39<455.027 547.856>
VStem: 253 68<250.489 374.116> 381.66 69<525.518 593.936> 502 71<61.4874 210.528>
DStem2: 322.2 -12 397.235 -12 0.21644 0.976296<30.2829 229.902 282.797 450.571>
LayerCount: 2
Fore
Refer: 2233 58209 S 1 0 0 1 581.66 -19 2
Refer: 784 1078 N 1 0 0 1 0 0 3
Validated: 1
EndChar
