StartChar: uni04DD
Encoding: 1245 1245 1341
Width: 745
VWidth: 999
Flags: HW
TeX: 57 0
HStem: -12 57<68.0746 153.415 558.029 631.827> 213 35<312 374 456 520> 383 58<193.26 268.801 667.945 730.492> 525 91<359.391 427.952 519.75 588.854>
VStem: 253 68<250.489 374.116> 348 92<537.435 604.102> 502 71<61.4874 210.528> 509 92<537.898 605.223>
DStem2: 322.2 -12 397.235 -12 0.21644 0.976296<30.2829 229.902 282.797 450.571>
LayerCount: 2
Fore
Refer: 321 168 S 1 0 0 1 193 -2 2
Refer: 784 1078 N 1 0 0 1 0 0 3
Validated: 1
EndChar
