StartChar: uni040D
Encoding: 1037 1037 72
Width: 671
VWidth: 999
Flags: W
HStem: -2 29<19.6875 101.045 196.568 262 410.359 492.887 587.568 654> 618 28<156 222.008 316.113 398.25 546 612.807 707.955 788.951> 698 120
VStem: 371 200
DStem2: 101.271 -2 179.092 -2 0.207912 0.978148<155.218 603.834> 208 134 196 78 0.687273 0.7264<0 538.905> 492.483 -2 569.483 -2 0.207912 0.978148<75.9892 518.275 575.546 603.745>
LayerCount: 2
Fore
Refer: 78 1048 N 1 0 0 1 0 0 3
Refer: 2224 58200 N 1 0 0 1 516 127 2
Validated: 1
LCarets2: 1 0
EndChar
