StartChar: uni1E6A
Encoding: 7786 7786 236
Width: 572
VWidth: 999
Flags: HW
HStem: -2 33<162.719 245.375 363 435.281> 606 39<203.874 355.91 462.338 596.513> 633 20<662.5 679.5> 700 96<379.956 448.463>
VStem: 366.21 96<714.25 781.75> 632 34<505.785 567.416>
DStem2: 251.643 -2 333.643 -2 0.207912 0.978148<69.3087 598.863>
LayerCount: 2
Fore
Refer: 271 84 N 1 0 0 1 0 0 3
Refer: 666 729 S 1 0 0 1 138 108 2
Validated: 1
LCarets2: 1 0
EndChar
