StartChar: uni1E29
Encoding: 7721 7721 171
Width: 483
VWidth: 999
Flags: W
HStem: -181 25<-3.188 100.484> -80 32<70.019 122.577> -10 60<363 438.688> 379 60<346.646 463.667> 648 28<161.239 204> 669 20<275.333 293.624>
VStem: 89.0486 77.5002<-4.29117 110.716> 125 55<-141.671 -82.0497> 222 85.495<563.558 676.752> 337 85<7.74219 134.469>
DStem2: 98 7 95 -51 0.561269 0.827634<-49.6866 0> 101.818 71.4551 166.549 17.2344 0.216014 0.97639<-60.0664 227.727 262.102 566.007> 354 115 433 124 0.231072 0.972937<-30.5675 233.041>
LayerCount: 2
Fore
Refer: 290 104 N 1 0 0 1 0 0 3
Refer: 337 184 N 1 0 0 1 -185 0 2
Validated: 5
LCarets2: 1 0
EndChar
