StartChar: uni1E9B
Encoding: 7835 7835 843
Width: 299
VWidth: 999
Flags: HW
HStem: -233 36<-10 73.2686> 387 31<147 188.875> 661 37<356.764 431.327> 752 96<337.956 406.463>
VStem: 324.21 96<766.25 833.75>
DStem2: 55.7493 -233 136.115 -233 0.21644 0.976296<280.206 634.144>
LayerCount: 2
Fore
Refer: 499 383 S 1 0 0 1 0 0 3
Refer: 666 729 N 1 0 0 1 96 160 2
Validated: 1
EndChar
