StartChar: uni1EC2
Encoding: 7874 7874 878
Width: 533
VWidth: 999
Flags: W
HStem: 0 31<18.7188 93> 0 39<201.58 421.005> 323 38<252 402.269> 605 40<304.854 494.992> 614 33<137.511 200.125> 690 115 792 10<480 496> 850 24<522 574>
VStem: 265 243 406 32<251.77 314.081> 440 32<384.682 432.23> 466 48<807 849> 522 33<498.16 570.91> 575 52<786 849>
DStem2: 97.643 -2 179.894 -2 0.207912 0.978148<71.6333 348.535 387.16 604.895>
LayerCount: 2
Fore
Refer: 2235 58211 S 1 0 0 1 585 93 2
Refer: 29 69 N 1 0 0 1 0 0 3
Refer: 2226 58202 S 1 0 0 1 392 166 2
Validated: 1
LCarets2: 1 0
EndChar
