StartChar: uni1EC4
Encoding: 7876 7876 880
Width: 533
VWidth: 999
Flags: W
HStem: 0 31<18.7188 93> 0 39<201.58 421.005> 323 38<252 402.269> 605 40<304.854 494.992> 614 33<137.511 200.125> 658 115 798.3 41.8<454.076 547.698> 843.9 43.7<321.431 417.298>
VStem: 273.079 324.823 301 243 406 32<251.77 314.081> 440 32<384.682 432.23> 522 33<498.16 570.91>
DStem2: 97.643 -2 179.894 -2 0.207912 0.978148<71.6333 348.535 387.16 604.895>
LayerCount: 2
Fore
Refer: 669 732 S 1.1 0 0 0.95 138 253 2
Refer: 29 69 N 1 0 0 1 0 0 3
Refer: 2226 58202 N 1 0 0 1 428 134 2
Validated: 1
EndChar
