StartChar: uni1EF9
Encoding: 7929 7929 933
Width: 479
VWidth: 999
Flags: W
HStem: -234 62<83.1972 168.586> 364 75<162.522 231.5> 526 44<340.342 425.453> 574 46<219.755 306.907>
VStem: 175.799 295.294
DStem2: 250 -66 293 -70 0.536365 0.843986<-136.125 48.966 138.666 366.548>
LayerCount: 2
Fore
Refer: 307 121 N 1 0 0 1 0 0 3
Refer: 669 732 S 1 0 0 1 53 -48 2
Validated: 1
LCarets2: 1 0
EndChar
