StartChar: uni1EA6
Encoding: 7846 7846 850
Width: 667
VWidth: 999
Flags: W
HStem: -2 33<8.5625 69.0686 170.524 221.281 424.562 495.012 613.887 663.438> 241 42<293.688 480> 638 20<499 509.873> 701 115 766.8 96
VStem: 217.5 140 372 243
DStem2: 135 122 189 122 0.521048 0.853527<-44.9237 180.859 228.755 527.976> 507 658 445 555 0.142197 -0.989838<93.1371 367.35 409.919 602.6>
LayerCount: 2
Fore
Refer: 347 194 N 1 0 0 1 0 0 3
Refer: 2224 58200 S 0.7 0 0 0.8 319 310 2
Validated: 1
LCarets2: 1 0
EndChar
