StartChar: uni1ECA
Encoding: 7882 7882 886
Width: 284
VWidth: 999
Flags: HW
HStem: -163 96<66.956 135.463> -2 33<19.7188 94 208.875 272.438> 614 33<137.562 201.125 316 390.281>
VStem: 53.21 96<-148.75 -81.25>
DStem2: 98.643 -2 180.643 -2 0.207912 0.978148<69.4018 605.102>
LayerCount: 2
Fore
Refer: 260 73 N 1 0 0 1 0 0 3
Refer: 666 729 S 1 0 0 1 -175 -755 2
Validated: 1
LCarets2: 1 0
EndChar
