StartChar: uni1E1F
Encoding: 7711 7711 161
Width: 316
VWidth: 999
Flags: HW
HStem: -235 33.5512<-2.47687 64.2038> 390 39<116.315 190 277 381.675> 664 34<347.365 421.317> 736 96<349.956 418.463>
VStem: 336.21 96<750.25 817.75> 438 73<594.079 652.777>
DStem2: 57.1521 -235 141.267 -235 0.207912 0.978148<197.143 638.963 695.199 866.574>
LayerCount: 2
Fore
Refer: 288 102 N 1 0 0 1 0 0 3
Refer: 666 729 S 1 0 0 1 108 144 2
Validated: 1
LCarets2: 1 0
EndChar
