StartChar: uni1E72
Encoding: 7794 7794 244
Width: 634
VWidth: 999
Flags: HW
HStem: -159 91<177.391 245.952 337.75 406.854> -10 41<260.843 424.46> 614 33<128.719 185.155 298.709 377.281 535.719 601.958 685.947 749.438>
VStem: 121.05 82.8234<85.2607 318.417> 166 92<-146.565 -79.898> 327 92<-146.102 -78.777>
DStem2: 497.996 -10 544.17 -10 0.207912 0.978148<139.998 613.126>
AnchorPoint: "top_akzent" 346 850 basechar 0
LayerCount: 2
Fore
Refer: 272 85 N 1 0 0 1 0 0 3
Refer: 321 168 S 1 0 0 1 11 -686 2
Validated: 1
LCarets2: 1 0
EndChar
