StartChar: uni1E97
Encoding: 7831 7831 840
Width: 307
VWidth: 999
Flags: HW
HStem: -10 60<138.5 218.126> 390 39<108.202 180 263 364.943> 621 91<186.391 254.952 346.75 415.854>
VStem: 175 92<633.435 700.102> 336 92<633.898 701.223>
DStem2: 87.6231 -10 161.628 -10 0.21644 0.976296<92.8782 410.512 466.552 573.478>
LayerCount: 2
Fore
Refer: 302 116 N 1 0 0 1 0 0 3
Refer: 321 168 S 1 0 0 1 20 94 2
Validated: 1
EndChar
