StartChar: uni1E24
Encoding: 7716 7716 166
Width: 700
VWidth: 999
Flags: HW
HStem: -163 96<269.956 338.463> -2 33<19.7188 94 208.875 272.438 429.562 504 618.875 682.438> 321 42<254 574> 614 33<137.562 201.125 316 390.281 547.562 611.125 726 800.281>
VStem: 256.21 96<-148.75 -81.25>
DStem2: 98.643 -2 180.643 -2 0.207912 0.978148<69.4018 346.371 389.324 605.102> 508.643 -2 590.643 -2 0.207912 0.978148<69.4018 329.53 372.276 605.102>
LayerCount: 2
Fore
Refer: 666 729 S 1 0 0 1 28 -755 2
Refer: 259 72 N 1 0 0 1 0 0 3
Validated: 1
LCarets2: 1 0
EndChar
