StartChar: uni1E5F
Encoding: 7775 7775 225
Width: 363
VWidth: 999
Flags: HW
HStem: -131 44<45.852 283.363> 374 62<323.125 396.022> 395 28<94.5485 138>
VStem: 43.399 243.052 89.25 77<-4.05662 113.437>
DStem2: 84.3926 -10 160.428 -10 0.207912 0.978148<24.1045 286.758 327.361 403.616>
LayerCount: 2
Fore
Refer: 300 114 N 1 0 0 1 0 0 3
Refer: 1691 817 S 1 0 0 1 427 0 2
Validated: 1
LCarets2: 1 0
EndChar
