StartChar: uni1E16
Encoding: 7702 7702 152
Width: 533
VWidth: 999
Flags: W
HStem: 0 31<18.7188 93> 0 39<201.58 421.005> 323 38<252 402.269> 605 40<304.854 494.992> 614 33<137.511 200.125> 724.48 105.6 765 44<221.19 499.349>
VStem: 218.509 284.052 406 32<251.77 314.081> 440 32<384.682 432.23> 522 33<498.16 570.91> 531.26 174.79
DStem2: 97.643 -2 179.894 -2 0.207912 0.978148<71.6333 348.535 387.16 604.895>
LayerCount: 2
Fore
Refer: 2225 58201 S 0.77 0 0 0.88 656 222 2
Refer: 29 69 N 1 0 0 1 0 0 3
Refer: 661 713 N 1 0 0 1 42 227 2
Validated: 1
LCarets2: 1 0
EndChar
