StartChar: uni1EB4
Encoding: 7860 7860 864
Width: 667
VWidth: 999
Flags: W
HStem: -2 33<8.5625 69.0686 170.524 221.281 424.562 495.012 613.887 663.438> 241 42<293.688 480> 638 20<499 509.873> 672 52<422 572> 775 10<373 401 610 644> 799.3 41.8<515.076 608.698> 844.9 43.7<382.431 478.298>
VStem: 334.079 324.823 373 28<771 785>
DStem2: 135 122 189 122 0.521048 0.853527<-44.9237 180.859 228.755 527.976> 507 658 445 555 0.142197 -0.989838<93.1371 367.35 409.919 602.6>
LayerCount: 2
Fore
Refer: 669 732 N 1.1 0 0 0.95 199 254 2
Refer: 25 65 N 1 0 0 1 0 0 3
Refer: 2228 58204 N 1 0 0 1 519 128 2
Validated: 1
LCarets2: 1 0
EndChar
