StartChar: uni1E2A
Encoding: 7722 7722 172
Width: 700
VWidth: 999
Flags: W
HStem: -199 57<232.534 353.305> -2 33<19.7188 94 208.875 272.438 429.562 504 618.875 682.438> 321 42<254 574> 614 33<137.562 201.125 316 390.281 547.562 611.125 726 800.281>
VStem: 174.093 29.441<-101.223 -64>
DStem2: 98.643 -2 180.643 -2 0.207912 0.978148<69.4018 346.371 389.324 605.102> 508.643 -2 590.643 -2 0.207912 0.978148<69.4018 329.53 372.276 605.102>
LayerCount: 2
Fore
Refer: 665 728 S 1 0 0 1 18 -728 2
Refer: 259 72 N 1 0 0 1 0 0 3
Validated: 1
LCarets2: 1 0
EndChar
