StartChar: uni1E03
Encoding: 7683 7683 133
Width: 470
VWidth: 999
Flags: HW
HStem: -10 45<187.927 299.326> 391 48<309.884 395.973> 523 96<360.956 429.463> 648 28<146.239 189> 669 20<260.333 278.624>
VStem: 207 85.4951<562.588 676.751> 347.21 96<537.25 604.75> 411.5 79.2754<201.583 377.53>
DStem2: 69.325 -10 143.817 -10 0.207912 0.978148<99.7504 344.811 392.325 649.318>
LayerCount: 2
Fore
Refer: 284 98 N 1 0 0 1 0 0 3
Refer: 666 729 S 1 0 0 1 119 -69 2
Validated: 1
LCarets2: 1 0
EndChar
