StartChar: uni1EF7
Encoding: 7927 7927 931
Width: 479
VWidth: 999
Flags: W
HStem: -234 62<83.1972 168.586> 364 75<162.522 231.5> 573 21<294.307 308.307> 630 27<329.284 377.364>
VStem: 282.3 47.7793<573.698 618.814>
DStem2: 250 -66 293 -70 0.536365 0.843986<-136.125 48.966 138.666 366.548>
LayerCount: 2
Fore
Refer: 307 121 N 1 0 0 1 0 0 3
Refer: 677 777 S 1 0 0 1 369 -124 2
Validated: 1
LCarets2: 1 0
EndChar
