StartChar: uni1E11
Encoding: 7697 7697 147
Width: 481
VWidth: 999
Flags: W
HStem: -226 24<136.712 175.08> -123 82<173.818 223.347> -10 60<170.771 241.771 370.503 439.019> 402.211 36.7895<272.399 403.681> 648 28<392.239 435> 669 20<506.333 524.624>
VStem: 80 80<54.8642 248.18> 136.902 129.259 328 78<25.5 146.52> 452 86.495<564.397 676.752>
DStem2: 316.744 -10 388.368 -10 0.207912 0.978148<91.3673 137.362 154.94 410.242 448.826 648.878>
LayerCount: 2
Fore
Refer: 286 100 N 1 0 0 1 0 0 3
Refer: 682 806 N 1 0 0 1 480 0 2
Validated: 1
LCarets2: 1 0
EndChar
