StartChar: uni1E2C
Encoding: 7724 7724 174
Width: 284
VWidth: 999
Flags: W
HStem: -164 44<114.342 199.453> -116 46<-6.245 80.907> -2 33<19.7188 94 208.875 272.438> 614 33<137.562 201.125 316 390.281>
VStem: -50.201 295.294
DStem2: 98.643 -2 180.643 -2 0.207912 0.978148<69.4018 605.102>
LayerCount: 2
Fore
Refer: 260 73 N 1 0 0 1 0 0 3
Refer: 669 732 S 1 0 0 1 -173 -738 2
Validated: 1
LCarets2: 1 0
EndChar
