StartChar: uni1E34
Encoding: 7732 7732 182
Width: 611
VWidth: 999
Flags: W
HStem: -131 44<197.852 435.363> -2 33<19.875 94 208.875 273.281 554.347 608.281> 614 33<136.719 201.125 316 390.125 508.875 552.052 637.03 713.281>
VStem: 195.399 243.052
DStem2: 98.643 -2 180.643 -2 0.207912 0.978148<69.4018 336.252 373.05 605.102> 372 333 315 271 0.521715 -0.85312<-25.2284 321.787> 334 386 407 407 0.7389 0.673815<3.55715 305.045>
LayerCount: 2
Fore
Refer: 262 75 N 1 0 0 1 0 0 3
Refer: 1691 817 S 1 0 0 1 579 0 2
Validated: 1
LCarets2: 1 0
EndChar
