StartChar: uni1E8A
Encoding: 7818 7818 827
Width: 633
VWidth: 999
Flags: HW
HStem: -2 33<8.71875 74.5072 156.969 200.281 408.875 457.91 572.242 620.969> 614 33<135.031 188.126 298.09 347.125 532.875 576.609 661.25 725.281> 700 96<404.956 473.463>
VStem: 326 95<289.031 372.547> 391.21 96<714.25 781.75>
DStem2: 131 93 171 73 0.669735 0.7426<-18.6652 279.498 393.108 675.305> 310 560 221 547 0.437848 -0.899049<-44.2079 194.048 276.524 530.803>
LayerCount: 2
Fore
Refer: 275 88 N 1 0 0 1 0 0 3
Refer: 666 729 S 1 0 0 1 163 108 2
Validated: 1
EndChar
