StartChar: uni1E7E
Encoding: 7806 7806 815
Width: 597
VWidth: 999
Flags: HW
HStem: -163 96<228.956 297.463> 614 33<110.625 172.08 282.651 344.375 511.625 570.717 664.109 722.375>
VStem: 215.21 96<-148.75 -81.25>
DStem2: 269 568 187.999 552.004 0.148073 -0.988976<-28.8043 446.73> 340 127 314 11 0.488258 0.872699<-3.48949 520.262>
LayerCount: 2
Fore
Refer: 273 86 N 1 0 0 1 0 0 3
Refer: 666 729 S 1 0 0 1 -13 -755 2
Validated: 1
LCarets2: 1 0
EndChar
