StartChar: uni1E6B
Encoding: 7787 7787 237
Width: 307
VWidth: 999
Flags: HW
HStem: -10 60<138.5 218.126> 390 39<108.202 180 263 364.943> 633 96<236.956 305.463>
VStem: 223.21 96<647.25 714.75>
DStem2: 87.6231 -10 161.628 -10 0.21644 0.976296<92.8782 410.512 466.552 573.478>
LayerCount: 2
Fore
Refer: 302 116 N 1 0 0 1 0 0 3
Refer: 666 729 S 1 0 0 1 -5 41 2
Validated: 1
EndChar
