StartChar: uni1EF1
Encoding: 7921 7921 925
Width: 549
VWidth: 999
Flags: HW
HStem: -163 96<178.956 247.463> -12 55<174.883 269.721 422.504 482.331> 385 57<177.988 249.5>
VStem: 126 79<42.6188 181.312> 165.21 96<-148.75 -81.25> 192 81<293.469 421.98> 381 75<12.6797 160.434> 577 41<441.48 518.5>
DStem2: 104.754 -12 179.778 -12 0.207912 0.978148<114.464 392.306> 367.716 -12 437.88 -12 0.207912 0.978148<86.3181 169.709 180.524 452.777>
LayerCount: 2
Fore
Refer: 513 432 N 1 0 0 1 0 0 3
Refer: 666 729 S 1 0 0 1 -63 -755 2
Validated: 1
LCarets2: 1 0
EndChar
