StartChar: uni1E45
Encoding: 7749 7749 199
Width: 497
VWidth: 999
Flags: HW
HStem: -10 21<102.996 127.458 352.037 377.006> 6 28<425.772 491.331> 379 60<349.441 441.409> 395 28<95.5485 139> 523 96<331.956 400.463>
VStem: 89.0486 77.5004<-4.29117 110.93> 161.387 80.619<304.816 391.952> 318.21 96<537.25 604.75> 336.695 84.9437<18.224 141.877> 409 82.1071<261.63 378.155>
DStem2: 84.5042 -10 160.427 -10 0.207912 0.978148<23.2088 305.583 336.618 379.219>
LayerCount: 2
Fore
Refer: 296 110 N 1 0 0 1 0 0 3
Refer: 666 729 S 1 0 0 1 90 -69 2
Validated: 1
LCarets2: 1 0
EndChar
