StartChar: uni1E0F
Encoding: 7695 7695 145
Width: 481
VWidth: 999
Flags: W
HStem: -131 44<92.852 330.363> -10 60<170.771 241.771 370.503 439.019> 402.211 36.7895<272.399 403.681> 648 28<392.239 435> 669 20<506.333 524.624>
VStem: 80 80<54.8642 248.18> 90.399 243.052 328 78<25.5 146.52> 452 86.495<564.397 676.752>
DStem2: 316.744 -10 388.368 -10 0.207912 0.978148<91.3673 137.362 154.94 410.242 448.826 648.878>
LayerCount: 2
Fore
Refer: 286 100 N 1 0 0 1 0 0 3
Refer: 1691 817 S 1 0 0 1 474 0 2
Validated: 1
LCarets2: 1 0
EndChar
