StartChar: uni1E5B
Encoding: 7771 7771 221
Width: 363
VWidth: 999
Flags: HW
HStem: -163 96<191.956 260.463> 374 62<323.125 396.022> 395 28<94.5485 138>
VStem: 89.25 77<-4.05662 113.437> 178.21 96<-148.75 -81.25>
DStem2: 84.3926 -10 160.428 -10 0.207912 0.978148<24.1045 286.758 327.361 403.616>
LayerCount: 2
Fore
Refer: 300 114 N 1 0 0 1 0 0 3
Refer: 666 729 S 1 0 0 1 -50 -755 2
Validated: 1
LCarets2: 1 0
EndChar
