StartChar: uni1E99
Encoding: 7833 7833 842
Width: 479
VWidth: 999
Flags: HW
HStem: -234 62<83.1972 168.586> 364 75<162.522 231.5> 499 27<310.693 374.868> 638 27<327.785 393.279>
VStem: 264.854 174
DStem2: 250 -66 293 -70 0.536365 0.843986<-136.125 48.966 138.666 366.548>
LayerCount: 2
Fore
Refer: 307 121 N 1 0 0 1 0 0 3
Refer: 1414 778 S 1 0 0 1 401 -71 2
Validated: 1
LCarets2: 1 0
EndChar
