StartChar: uni1EEB
Encoding: 7915 7915 919
Width: 549
VWidth: 999
Flags: W
HStem: -12 55<174.883 269.721 422.504 482.331> 385 57<177.988 249.5>
VStem: 126 79<42.6188 181.312> 192 81<293.469 421.98> 381 75<12.6797 160.434> 577 41<441.48 518.5>
DStem2: 104.754 -12 179.778 -12 0.207912 0.978148<114.464 392.306> 367.716 -12 437.88 -12 0.207912 0.978148<86.3181 169.709 180.524 452.777>
LayerCount: 2
Fore
Refer: 513 432 N 1 0 0 1 0 0 3
Refer: 671 768 S 1 0 0 1 370 -37 2
Validated: 1
LCarets2: 1 0
EndChar
