StartChar: uni1E08
Encoding: 7688 7688 138
Width: 618
VWidth: 999
Flags: W
HStem: -200 29<240.112 342.123> -20 20<328.598 375> -10 41<273.7 444.799> 621 37<375.355 544.23>
VStem: 86.9986 92.2414<141.862 368.983> 359.519 63.2022<-160.899 -96.8017> 631 32<454.437 522.878>
DStem2: 281.469 -96 336.369 -67 0.52701 0.849859<53.5788 112.96>
LayerCount: 2
Fore
Refer: 352 199 N 1 0 0 1 0 0 3
Validated: 5
LCarets2: 1 0
EndChar
