StartChar: uni1E90
Encoding: 7824 7824 833
Width: 578
VWidth: 999
Flags: W
HStem: 0 38<166.913 448.124> 602 43<252.478 543.045> 633 20<199 223.5> 690 115
VStem: 330 243
DStem2: 54 38 178 72 0.673213 0.739448<0 108.62>
LayerCount: 2
Fore
Refer: 277 90 N 1 0 0 1 0 0 3
Refer: 2226 58202 N 1 0 0 1 457 166 2
Validated: 1
LCarets2: 1 0
EndChar
