StartChar: uni1E0E
Encoding: 7694 7694 144
Width: 671
VWidth: 999
Flags: W
HStem: -131 44<141.852 379.363> -2 34<20.145 96.691 205.736 396.922> 613 32<137.562 202.044 315.992 476.342>
VStem: 139.399 243.052 603.448 94.0524<244.425 484.516>
DStem2: 98.643 -2 180.72 -2 0.207912 0.978148<69.4018 605.235>
LayerCount: 2
Fore
Refer: 28 68 N 1 0 0 1 0 0 3
Refer: 1691 817 S 1 0 0 1 523 0 2
Validated: 1
LCarets2: 1 0
EndChar
