StartChar: uni1EEE
Encoding: 7918 7918 922
Width: 699
VWidth: 999
Flags: W
HStem: -12 41<273.926 441.135> 618 27<116 185.834 286.724 370.125 553 622.834 689.177 805.039> 699 44<454.342 539.453> 705 84<768.152 816.719> 747 46<333.755 420.907>
VStem: 125 82<92.4459 329.492> 289.799 295.294 758 102<710.063 777.808>
DStem2: 130 234 217 267 0.173785 0.984784<-41.3657 357.105> 575 275 624 293 0.171341 0.985212<-141.972 315.343>
LayerCount: 2
Fore
Refer: 512 431 N 1 0 0 1 0 0 3
Refer: 669 732 S 1 0 0 1 167 125 2
Validated: 1
LCarets2: 1 0
EndChar
