StartChar: uni1E88
Encoding: 7816 7816 825
Width: 909
VWidth: 999
Flags: HW
HStem: -163 96<379.956 448.463> -10 21<285.75 295 613.375 621.75> 618 29<135.489 187.444 312.163 370.511 821.489 881.499 987.204 1039.51>
VStem: 366.21 96<-148.75 -81.25>
DStem2: 296 572 216.999 546.004 0.111658 -0.993747<-30.0796 421.952> 337 152 312 12 0.479936 0.877303<0 349.906> 626 486 549.5 434.5 0.113504 -0.993538<39.4386 342.229> 665 146 639 11 0.485506 0.874233<0 501.679>
LayerCount: 2
Fore
Refer: 274 87 N 1 0 0 1 0 0 3
Refer: 666 729 S 1 0 0 1 138 -755 2
Validated: 1
LCarets2: 1 0
EndChar
