StartChar: uni1E1D
Encoding: 7709 7709 159
Width: 401
VWidth: 999
Flags: W
HStem: -186 25<108.812 212.484> -85 32<182.019 234.577> -10 60<189.668 291.711> 394 45<237.337 338.945> 501 57<288.534 409.305>
VStem: 83 83<72.8566 200.7> 230.093 29.441<598.777 636> 237 55<-146.671 -87.0497> 346 77<302.552 387.144>
DStem2: 210 2 207 -56 0.561269 0.827634<-49.6866 0>
LayerCount: 2
Fore
Refer: 618 553 N 1 0 0 1 0 0 3
Refer: 665 728 S 1 0 0 1 74 -28 2
Validated: 5
EndChar
