StartChar: uni1E38
Encoding: 7736 7736 186
Width: 506
VWidth: 999
Flags: HW
HStem: -163 96<212.956 281.463> 0 31<19.7188 94> 0 39<205.096 393.356> 614 33<137.562 201.125 316 390.281> 765 44<125.19 403.349>
VStem: 122.509 284.052 199.21 96<-148.75 -81.25>
DStem2: 98.643 -2 180.406 -2 0.207912 0.978148<73.9415 605.102>
LayerCount: 2
Fore
Refer: 184 7734 N 1 0 0 1 0 0 3
Refer: 661 713 S 1 0 0 1 -54 227 2
Validated: 1
LCarets2: 1 0
EndChar
