StartChar: uni1EB2
Encoding: 7858 7858 862
Width: 667
VWidth: 999
Flags: W
HStem: -2 33<8.5625 69.0686 170.524 221.281 424.562 495.012 613.887 663.438> 241 42<293.688 480> 638 20<499 509.873> 691 52<422 572> 794 10<373 401 610 644> 811 10<440 456> 869 24<482 534>
VStem: 373 28<790 804> 426 48<826 868> 535 52<805 868>
DStem2: 135 122 189 122 0.521048 0.853527<-44.9237 180.859 228.755 527.976> 507 658 445 555 0.142197 -0.989838<93.1371 367.35 409.919 602.6>
LayerCount: 2
Fore
Refer: 402 258 N 1 0 0 1 0 0 3
Refer: 2235 58211 S 1 0 0 1 545 112 2
Validated: 5
LCarets2: 1 0
EndChar
