StartChar: uni1EF5
Encoding: 7925 7925 929
Width: 479
VWidth: 999
Flags: HW
HStem: -234 62<83.1972 168.586> -163 96<311.956 380.463> 364 75<162.522 231.5>
VStem: 298.21 96<-148.75 -81.25>
DStem2: 250 -66 293 -70 0.536365 0.843986<-136.125 48.966 138.666 366.548>
LayerCount: 2
Fore
Refer: 307 121 N 1 0 0 1 0 0 3
Refer: 666 729 S 1 0 0 1 70 -755 2
Validated: 1
LCarets2: 1 0
EndChar
