StartChar: uni1EC9
Encoding: 7881 7881 885
Width: 261
VWidth: 999
Flags: HW
HStem: -10 65<133 206.613> 395 28<118.549 162> 573 21<191.307 205.307> 630 27<226.285 274.364>
VStem: 107 180 179.3 47.7793<573.698 618.814>
DStem2: 96.2882 -10 170.293 -10 0.21644 0.976296<100.542 390.643>
LayerCount: 2
Fore
Refer: 421 305 N 1 0 0 1 0 0 3
Refer: 677 777 S 1 0 0 1 266 -124 2
Validated: 1
LCarets2: 1 0
EndChar
