StartChar: uni1E78
Encoding: 7800 7800 250
Width: 634
VWidth: 999
Flags: W
HStem: -10 41<260.843 424.46> 614 33<128.719 185.155 298.709 377.281 535.719 601.958 685.947 749.438> 693.4 48.4<472.19 544.535> 724.48 105.6 746.2 50.6<369.692 443.771>
VStem: 121.05 82.8234<85.2607 318.417> 332.329 251 620.26 174.79
DStem2: 497.996 -10 544.17 -10 0.207912 0.978148<139.998 613.126>
LayerCount: 2
Fore
Refer: 2225 58201 S 0.77 0 0 0.88 745 222 2
Refer: 272 85 N 1 0 0 1 0 0 3
Refer: 674 771 N 0.85 0 0 1.1 477 62 2
Validated: 1
LCarets2: 1 0
EndChar
