StartChar: uni1EE6
Encoding: 7910 7910 914
Width: 634
VWidth: 999
Flags: W
HStem: -10 41<260.843 424.46> 614 33<128.719 185.155 298.709 377.281 535.719 601.958 685.947 749.438> 733 10<405 421> 791 24<447 499>
VStem: 121.05 82.8234<85.2607 318.417> 391 48<748 790> 500 52<727 790>
DStem2: 497.996 -10 544.17 -10 0.207912 0.978148<139.998 613.126>
LayerCount: 2
Fore
Refer: 272 85 N 1 0 0 1 0 0 3
Refer: 2235 58211 S 1 0 0 1 510 34 2
Validated: 1
LCarets2: 1 0
EndChar
