StartChar: uni1E6D
Encoding: 7789 7789 239
Width: 307
VWidth: 999
Flags: HW
HStem: -163 96<87.956 156.463> -10 60<138.5 218.126> 390 39<108.202 180 263 364.943>
VStem: 74.21 96<-148.75 -81.25>
DStem2: 87.6231 -10 161.628 -10 0.21644 0.976296<92.8782 410.512 466.552 573.478>
LayerCount: 2
Fore
Refer: 302 116 N 1 0 0 1 0 0 3
Refer: 666 729 S 1 0 0 1 -154 -755 2
Validated: 1
LCarets2: 1 0
EndChar
