StartChar: uni1E28
Encoding: 7720 7720 170
Width: 700
VWidth: 999
Flags: W
HStem: -181 25<23.812 127.484> -80 32<97.019 149.577> -2 33<19.7188 94 208.875 272.438 429.562 504 618.875 682.438> 321 42<254 574> 614 33<137.562 201.125 316 390.281 547.562 611.125 726 800.281>
VStem: 152 55<-141.671 -82.0497>
DStem2: 98.643 -2 180.643 -2 0.207912 0.978148<69.4018 346.371 389.324 605.102> 125 7 122 -51 0.561269 0.827634<-49.6866 0> 508.643 -2 590.643 -2 0.207912 0.978148<69.4018 329.53 372.276 605.102>
LayerCount: 2
Fore
Refer: 337 184 S 1 0 0 1 -158 0 2
Refer: 259 72 N 1 0 0 1 0 0 3
Validated: 5
LCarets2: 1 0
EndChar
