StartChar: uni1ECB
Encoding: 7883 7883 887
Width: 261
VWidth: 999
Flags: HW
HStem: -163 96<92.956 161.463> -10 65<133 206.613> 395 28<118.549 162> 521 98<199.913 277.989>
VStem: 79.21 96<-148.75 -81.25> 107 180 190 98<531.293 608.371>
DStem2: 96.2882 -10 170.293 -10 0.21644 0.976296<100.542 390.643>
LayerCount: 2
Fore
Refer: 291 105 N 1 0 0 1 0 0 3
Refer: 666 729 S 1 0 0 1 -149 -755 2
Validated: 1
LCarets2: 1 0
EndChar
