StartChar: uni1E74
Encoding: 7796 7796 246
Width: 634
VWidth: 999
Flags: W
HStem: -164 44<290.342 375.453> -116 46<169.755 256.907> -10 41<260.843 424.46> 614 33<128.719 185.155 298.709 377.281 535.719 601.958 685.947 749.438>
VStem: 121.05 82.8234<85.2607 318.417> 125.799 295.294
DStem2: 497.996 -10 544.17 -10 0.207912 0.978148<139.998 613.126>
LayerCount: 2
Fore
Refer: 272 85 N 1 0 0 1 0 0 3
Refer: 669 732 S 1 0 0 1 3 -738 2
Validated: 1
LCarets2: 1 0
EndChar
