StartChar: uni1E1E
Encoding: 7710 7710 160
Width: 465
VWidth: 999
Flags: HW
HStem: -2 33<18.7188 93 207.875 271.438> 323 38<252 404.269> 605 40<301.98 483.601> 614 33<137.511 200.125> 704 96<350.956 419.463>
VStem: 337.21 96<718.25 785.75> 408 32<251.14 314.718> 442 32<384.63 430.86> 522 31<498.84 556.97>
DStem2: 97.643 -2 179.643 -2 0.207912 0.978148<69.4018 348.535 387.16 605.654>
LayerCount: 2
Fore
Refer: 30 70 N 1 0 0 1 0 0 3
Refer: 666 729 S 1 0 0 1 109 112 2
Validated: 1
LCarets2: 1 0
EndChar
