StartChar: uni1E14
Encoding: 7700 7700 150
Width: 533
VWidth: 999
Flags: W
HStem: 0 31<18.7188 93> 0 39<201.58 421.005> 323 38<252 402.269> 605 40<304.854 494.992> 614 33<137.511 200.125> 725.48 105.6 765 44<278.19 556.349>
VStem: 76.35 154 275.509 284.052 406 32<251.77 314.081> 440 32<384.682 432.23> 522 33<498.16 570.91>
DStem2: 97.643 -2 179.894 -2 0.207912 0.978148<71.6333 348.535 387.16 604.895>
LayerCount: 2
Fore
Refer: 2224 58200 N 0.77 0 0 0.88 188 223 2
Refer: 29 69 N 1 0 0 1 0 0 3
Refer: 661 713 N 1 0 0 1 99 227 2
Validated: 1
LCarets2: 1 0
EndChar
