StartChar: uni1E56
Encoding: 7766 7766 216
Width: 518
VWidth: 999
Flags: HW
HStem: -2 33<17.7188 92 211.25 285.281> 282 34<244.568 399.269> 618 27<135.562 190.964 325.885 396.25> 618 34<293.016 455.789> 702 96<378.956 447.463>
VStem: 365.21 96<716.25 783.75> 493.664 90.008<425.295 587.947>
DStem2: 96.643 -2 178.643 -2 0.207912 0.978148<71.6351 316.965 346.579 605.654>
LayerCount: 2
Fore
Refer: 267 80 N 1 0 0 1 0 0 3
Refer: 666 729 N 1 0 0 1 137 110 2
Validated: 1
LCarets2: 1 0
EndChar
