StartChar: uni1EA8
Encoding: 7848 7848 852
Width: 667
VWidth: 999
Flags: W
HStem: -2 33<8.5625 69.0686 170.524 221.281 424.562 495.012 613.887 663.438> 241 42<293.688 480> 638 20<499 509.873> 701 115 789 10<581 597> 847 24<623 675>
VStem: 372 243 567 48<804 846> 676 52<783 846>
DStem2: 135 122 189 122 0.521048 0.853527<-44.9237 180.859 228.755 527.976> 507 658 445 555 0.142197 -0.989838<93.1371 367.35 409.919 602.6>
LayerCount: 2
Fore
Refer: 347 194 N 1 0 0 1 0 0 3
Refer: 2235 58211 N 1 0 0 1 686 90 2
Validated: 1
LCarets2: 1 0
EndChar
