StartChar: uni1E91
Encoding: 7825 7825 834
Width: 436
VWidth: 488
Flags: W
HStem: -10 77<251.946 365.067> 41 60.999<175.905 215.473> 354 58<256.44 403.515> 363 76<159.224 334.769>
VStem: 90 253<517 517>
DStem2: 109 86 150.25 77.125 0.676587 0.736362<21.374 361.173>
LayerCount: 2
Fore
Refer: 308 122 N 1 0 0 1 0 0 3
Refer: 658 710 S 1 0 0 1 39 -22 2
Validated: 1
LCarets2: 1 0
EndChar
