StartChar: uni1EF0
Encoding: 7920 7920 924
Width: 699
VWidth: 999
Flags: HW
HStem: -163 96<250.956 319.463> -12 41<273.926 441.135> 618 27<116 185.834 286.724 370.125 553 622.834 689.177 805.039> 705 84<768.152 816.719>
VStem: 125 82<92.4459 329.492> 237.21 96<-148.75 -81.25> 758 102<710.063 777.808>
DStem2: 130 234 217 267 0.173785 0.984784<-41.3657 357.105> 575 275 624 293 0.171341 0.985212<-141.972 315.343>
LayerCount: 2
Fore
Refer: 512 431 N 1 0 0 1 0 0 3
Refer: 666 729 S 1 0 0 1 9 -755 2
Validated: 1
LCarets2: 1 0
EndChar
