StartChar: uni1E09
Encoding: 7689 7689 139
Width: 393
VWidth: 999
Flags: HW
HStem: -196 29<119.112 221.123> -16 20<207.598 254> -10 60<188.909 291.142> 402 37<250.195 326.608>
VStem: 83 83<72.9091 269.629> 238.519 63.2022<-156.899 -92.8017> 338.868 80.604<336.642 395.641>
DStem2: 160.469 -92 215.369 -63 0.52701 0.849859<53.5788 112.96>
LayerCount: 2
Fore
Refer: 384 231 N 1 0 0 1 0 0 3
Refer: 672 769 S 1 0 0 1 378 -37 2
Validated: 5
LCarets2: 1 0
EndChar
