StartChar: uni1E1A
Encoding: 7706 7706 156
Width: 533
VWidth: 999
Flags: W
HStem: -164 44<214.342 299.453> -116 46<93.755 180.907> 0 31<18.7188 93> 0 39<201.58 421.005> 323 38<252 402.269> 605 40<304.854 494.992> 614 33<137.511 200.125>
VStem: 49.799 295.294 406 32<251.77 314.081> 440 32<384.682 432.23> 522 33<498.16 570.91>
DStem2: 97.643 -2 179.894 -2 0.207912 0.978148<71.6333 348.535 387.16 604.895>
LayerCount: 2
Fore
Refer: 29 69 N 1 0 0 1 0 0 3
Refer: 669 732 S 1 0 0 1 -73 -738 2
Validated: 1
LCarets2: 1 0
EndChar
