StartChar: uni1EE4
Encoding: 7908 7908 912
Width: 634
VWidth: 999
Flags: HW
HStem: -163 96<248.956 317.463> -10 41<260.843 424.46> 614 33<128.719 185.155 298.709 377.281 535.719 601.958 685.947 749.438>
VStem: 121.05 82.8234<85.2607 318.417> 235.21 96<-148.75 -81.25>
DStem2: 497.996 -10 544.17 -10 0.207912 0.978148<139.998 613.126>
LayerCount: 2
Fore
Refer: 272 85 N 1 0 0 1 0 0 3
Refer: 666 729 S 1 0 0 1 7 -755 2
Validated: 1
LCarets2: 1 0
EndChar
