StartChar: uni1EB8
Encoding: 7864 7864 868
Width: 533
VWidth: 999
Flags: HW
HStem: -163 96<186.956 255.463> 0 31<18.7188 93> 0 39<201.58 421.005> 323 38<252 402.269> 605 40<304.854 494.992> 614 33<137.511 200.125>
VStem: 173.21 96<-148.75 -81.25> 406 32<251.77 314.081> 440 32<384.682 432.23> 522 33<498.16 570.91>
DStem2: 97.643 -2 179.894 -2 0.207912 0.978148<71.6333 348.535 387.16 604.895>
LayerCount: 2
Fore
Refer: 29 69 N 1 0 0 1 0 0 3
Refer: 666 729 S 1 0 0 1 -55 -755 2
Validated: 1
LCarets2: 1 0
EndChar
