StartChar: uni1E7C
Encoding: 7804 7804 813
Width: 597
VWidth: 999
Flags: HW
HStem: 614 33<110.625 172.08 282.651 344.375 511.625 570.717 664.109 722.375> 700 44<464.342 549.453> 748 46<343.755 430.907>
VStem: 299.799 295.294
DStem2: 269 568 187.999 552.004 0.148073 -0.988976<-28.8043 446.73> 340 127 314 11 0.488258 0.872699<-3.48949 520.262>
LayerCount: 2
Fore
Refer: 273 86 N 1 0 0 1 0 0 3
Refer: 669 732 S 1 0 0 1 177 126 2
Validated: 1
EndChar
