StartChar: uni1E23
Encoding: 7715 7715 165
Width: 483
VWidth: 999
Flags: HW
HStem: -10 60<363 438.688> 379 60<346.646 463.667> 523 96<373.956 442.463> 648 28<161.239 204> 669 20<275.333 293.624>
VStem: 89.0486 77.5002<-4.29117 110.716> 222 85.495<563.558 676.752> 337 85<7.74219 134.469> 360.21 96<537.25 604.75>
DStem2: 101.818 71.4551 166.549 17.2344 0.216014 0.97639<-60.0664 227.727 262.102 566.007> 354 115 433 124 0.231072 0.972937<-30.5675 233.041>
LayerCount: 2
Fore
Refer: 290 104 N 1 0 0 1 0 0 3
Refer: 666 729 S 1 0 0 1 132 -69 2
Validated: 1
LCarets2: 1 0
EndChar
