StartChar: uni1E93
Encoding: 7827 7827 836
Width: 436
VWidth: 488
Flags: HW
HStem: -163 96<183.956 252.463> -10 77<251.946 365.067> 41 60.999<175.905 215.473> 354 58<256.44 403.515> 363 76<159.224 334.769>
VStem: 170.21 96<-148.75 -81.25>
DStem2: 109 86 150.25 77.125 0.676587 0.736362<21.374 361.173>
LayerCount: 2
Fore
Refer: 308 122 N 1 0 0 1 0 0 3
Refer: 666 729 S 1 0 0 1 -58 -755 2
Validated: 1
LCarets2: 1 0
EndChar
