StartChar: uni1E05
Encoding: 7685 7685 135
Width: 470
VWidth: 999
Flags: HW
HStem: -163 96<160.956 229.463> -10 45<187.927 299.326> 391 48<309.884 395.973> 648 28<146.239 189> 669 20<260.333 278.624>
VStem: 147.21 96<-148.75 -81.25> 207 85.4951<562.588 676.751> 411.5 79.2754<201.583 377.53>
DStem2: 69.325 -10 143.817 -10 0.207912 0.978148<99.7504 344.811 392.325 649.318>
LayerCount: 2
Fore
Refer: 284 98 N 1 0 0 1 0 0 3
Refer: 666 729 S 1 0 0 1 -81 -755 2
Validated: 1
LCarets2: 1 0
EndChar
