StartChar: uni1E36
Encoding: 7734 7734 184
Width: 506
VWidth: 999
Flags: HW
HStem: -163 96<212.956 281.463> 0 31<19.7188 94> 0 39<205.096 393.356> 614 33<137.562 201.125 316 390.281>
VStem: 199.21 96<-148.75 -81.25>
DStem2: 98.643 -2 180.406 -2 0.207912 0.978148<73.9415 605.102>
LayerCount: 2
Fore
Refer: 263 76 N 1 0 0 1 0 0 3
Refer: 666 729 S 1 0 0 1 -29 -755 2
Validated: 1
LCarets2: 1 0
EndChar
