StartChar: uni1E55
Encoding: 7765 7765 215
Width: 489
VWidth: 999
Flags: W
HStem: -235 33<-18.9755 45.7252 148.627 205.975> -10 45.5<199.181 333.813> 390 49<337.436 421.698> 395 28<107.549 151>
VStem: 438.222 82.4961<198.083 375.291>
DStem2: 47.643 -235 124.643 -235 0.207912 0.978148<90.6962 267.831 312.213 554.747>
LayerCount: 2
Fore
Refer: 298 112 N 1 0 0 1 0 0 3
Refer: 672 769 S 1 0 0 1 465 -37 2
Validated: 1
LCarets2: 1 0
EndChar
