StartChar: uni1EB6
Encoding: 7862 7862 866
Width: 667
VWidth: 999
Flags: HW
HStem: -163 96<253.956 322.463> -2 33<8.5625 69.0686 170.524 221.281 424.562 495.012 613.887 663.438> 241 42<293.688 480> 638 20<499 509.873> 691 52<419 569> 794 10<370 398 607 641>
VStem: 240.21 96<-148.75 -81.25> 370 28<790 804>
DStem2: 135 122 189 122 0.521048 0.853527<-44.9237 180.859 228.755 527.976> 507 658 445 555 0.142197 -0.989838<93.1371 367.35 409.919 602.6>
LayerCount: 2
Fore
Refer: 844 7840 N 1 0 0 1 0 0 3
Refer: 2228 58204 S 1 0 0 1 516 147 2
Validated: 1
EndChar
