StartChar: uni1E20
Encoding: 7712 7712 162
Width: 656
VWidth: 999
Flags: W
HStem: -10 36<289.8 481.288> 265 36<481.789 545.869 645.179 689.211> 622 36<393.648 560.275> 765 44<341.19 619.349>
VStem: 86.7221 97.5039<139.735 367.343> 338.509 284.052 639 33<456.504 533.861>
DStem2: 505.846 -10 585.406 -10 0.207912 0.978148<105.038 264.596>
LayerCount: 2
Fore
Refer: 31 71 N 1 0 0 1 0 0 3
Refer: 661 713 S 1 0 0 1 162 227 2
Validated: 1
LCarets2: 1 0
EndChar
