StartChar: uni1E6E
Encoding: 7790 7790 240
Width: 572
VWidth: 999
Flags: W
HStem: -131 44<158.852 396.363> -2 33<162.719 245.375 363 435.281> 606 39<203.874 355.91 462.338 596.513> 633 20<662.5 679.5>
VStem: 156.399 243.052 632 34<505.785 567.416>
DStem2: 251.643 -2 333.643 -2 0.207912 0.978148<69.3087 598.863>
LayerCount: 2
Fore
Refer: 271 84 N 1 0 0 1 0 0 3
Refer: 1691 817 S 1 0 0 1 540 0 2
Validated: 1
LCarets2: 1 0
EndChar
