StartChar: uni1E6C
Encoding: 7788 7788 238
Width: 572
VWidth: 999
Flags: HW
HStem: -163 96<215.956 284.463> -2 33<162.719 245.375 363 435.281> 606 39<203.874 355.91 462.338 596.513> 633 20<662.5 679.5>
VStem: 202.21 96<-148.75 -81.25> 632 34<505.785 567.416>
DStem2: 251.643 -2 333.643 -2 0.207912 0.978148<69.3087 598.863>
LayerCount: 2
Fore
Refer: 271 84 N 1 0 0 1 0 0 3
Refer: 666 729 S 1 0 0 1 -26 -755 2
Validated: 1
LCarets2: 1 0
EndChar
