StartChar: uni1EF4
Encoding: 7924 7924 928
Width: 551
VWidth: 999
Flags: HW
HStem: -163 96<220.956 289.463> -2 33<150.719 233.375 350.5 423.281> 614 33<123.875 173.428 280.632 335.281 497.875 539.619 608.408 670.125>
VStem: 207.21 96<-148.75 -81.25>
DStem2: 286 559 202 547 0.351588 -0.936155<-41.5941 221.972> 239.643 -2 320.643 -2 0.207912 0.978148<69.3087 326.693> 379 352 405 334 0.587949 0.808898<-8.79957 291.975>
LayerCount: 2
Fore
Refer: 276 89 N 1 0 0 1 0 0 3
Refer: 666 729 S 1 0 0 1 -21 -755 2
Validated: 1
LCarets2: 1 0
EndChar
