StartChar: uni1E8F
Encoding: 7823 7823 832
Width: 479
VWidth: 999
Flags: HW
HStem: -234 62<83.1972 168.586> 364 75<162.522 231.5> 523 96<296.956 365.463>
VStem: 283.21 96<537.25 604.75>
DStem2: 250 -66 293 -70 0.536365 0.843986<-136.125 48.966 138.666 366.548>
LayerCount: 2
Fore
Refer: 307 121 N 1 0 0 1 0 0 3
Refer: 666 729 S 1 0 0 1 55 -69 2
Validated: 1
LCarets2: 1 0
EndChar
