StartChar: uni1E3B
Encoding: 7739 7739 189
Width: 237
VWidth: 999
Flags: W
HStem: -131 44<-11.148 226.363> -10 60<106.25 185.526> 648 28<146.239 189> 669 20<260.333 278.624>
VStem: -13.601 243.052 83 79<24.5 154.718> 207 85.4951<566.579 676.751>
DStem2: 69.5802 -10 144.88 -10 0.207912 0.978148<91.9705 649.265>
LayerCount: 2
Fore
Refer: 1691 817 S 1 0 0 1 370 0 2
Refer: 294 108 N 1 0 0 1 0 0 3
Validated: 1
LCarets2: 1 0
EndChar
