StartChar: uni1E39
Encoding: 7737 7737 187
Width: 237
VWidth: 999
Flags: HW
HStem: -163 96<57.956 126.463> -10 60<106.25 185.526> 648 28<146.239 189> 669 20<260.333 278.624> 788 44<149.19 427.349>
VStem: 44.21 96<-148.75 -81.25> 83 79<24.5 154.718> 146.509 284.052 207 85.4951<566.579 676.751>
DStem2: 69.5802 -10 144.88 -10 0.207912 0.978148<91.9705 649.265>
LayerCount: 2
Fore
Refer: 661 713 S 1 0 0 1 -30 250 2
Refer: 185 7735 N 1 0 0 1 0 0 3
Validated: 1
LCarets2: 1 0
EndChar
