StartChar: uni1E44
Encoding: 7748 7748 198
Width: 670
VWidth: 999
Flags: HW
HStem: -10 21<549.5 563.5> -2 33<15.7188 85.4644 174.021 234.281> 614 33<141.562 180.23 569.562 629.409 717.942 787.438> 697 96<403.956 472.463>
VStem: 390.21 96<711.25 778.75>
DStem2: 93.6044 -10 140.604 -10 0.207912 0.978148<73.563 518.944> 277 645 274 455 0.491667 -0.870783<122.109 564.244> 522.045 -10 569.045 -10 0.207912 0.978148<168.724 616>
LayerCount: 2
Fore
Refer: 265 78 N 1 0 0 1 0 0 3
Refer: 666 729 S 1 0 0 1 162 105 2
Validated: 1
EndChar
