StartChar: uni1E2D
Encoding: 7725 7725 175
Width: 261
VWidth: 999
Flags: HW
HStem: -164 44<120.342 205.453> -116 46<-0.244995 86.907> -10 65<133 206.613> 395 28<118.549 162> 521 98<199.913 277.989>
VStem: -44.201 295.294 107 180 190 98<531.293 608.371>
DStem2: 96.2882 -10 170.293 -10 0.21644 0.976296<100.542 390.643>
LayerCount: 2
Fore
Refer: 291 105 N 1 0 0 1 0 0 3
Refer: 669 732 S 1 0 0 1 -167 -738 2
Validated: 1
LCarets2: 1 0
EndChar
