StartChar: uni1E2E
Encoding: 7726 7726 176
Width: 284
VWidth: 999
Flags: W
HStem: -2 33<19.7188 94 208.875 272.438> 614 33<137.562 201.125 316 390.281> 695 92<152.347 229.653 342.347 419.653> 782.48 105.6
VStem: 145 92<702.347 779.653> 267.26 174.79 335 92<702.347 779.653>
DStem2: 98.643 -2 180.643 -2 0.207912 0.978148<69.4018 605.102>
LayerCount: 2
Fore
Refer: 360 207 N 1 0 0 1 0 0 3
Refer: 2225 58201 S 0.77 0 0 0.88 392 280 2
Validated: 1
LCarets2: 1 0
EndChar
