StartChar: uni1EC8
Encoding: 7880 7880 884
Width: 284
VWidth: 999
Flags: W
HStem: -2 33<19.7188 94 208.875 272.438> 614 33<137.562 201.125 316 390.281> 733 10<211 227> 791 24<253 305>
VStem: 197 48<748 790> 306 52<727 790>
DStem2: 98.643 -2 180.643 -2 0.207912 0.978148<69.4018 605.102>
LayerCount: 2
Fore
Refer: 260 73 N 1 0 0 1 0 0 3
Refer: 2235 58211 S 1 0 0 1 316 34 2
Validated: 1
LCarets2: 1 0
EndChar
