StartChar: uni1E5D
Encoding: 7773 7773 223
Width: 363
VWidth: 999
Flags: HW
HStem: -163 96<191.956 260.463> 374 62<323.125 396.022> 395 28<94.5485 138> 573 44<165.19 443.349>
VStem: 89.25 77<-4.05662 113.437> 162.509 284.052 178.21 96<-148.75 -81.25>
DStem2: 84.3926 -10 160.428 -10 0.207912 0.978148<24.1045 286.758 327.361 403.616>
LayerCount: 2
Fore
Refer: 221 7771 N 1 0 0 1 0 0 3
Refer: 661 713 S 1 0 0 1 -14 35 2
Validated: 1
LCarets2: 1 0
EndChar
