StartChar: uni209C
Encoding: 8348 8348 2336
Width: 206
VWidth: 523
Flags: W
HStem: -118 35<63 132.608> 126 29<44.188 81.381 136 199.947>
VStem: 37 50<-82.74 24.328>
DStem2: 40 -57 94 -27 0.256435 0.966561<3.76454 187.651 229.565 304.171>
LayerCount: 2
Fore
Refer: 2207 57691 N 1 0 0 1 0 0 2
Validated: 1
EndChar
