StartChar: uni2095
Encoding: 8341 8341 2331
Width: 307
VWidth: 917
Flags: W
HStem: -112 23<1.4027 15.939 114.939 126.057 157.403 175.939 275.939 282.057> 121 34<174.687 227.166> 225 21<63.893 96.559>
VStem: -0.943398 286.662
DStem2: 35.593 -112 84.593 -112 0.207912 0.978148<39.7535 338.912> 195.593 -112 244.593 -112 0.207912 0.978148<40.1756 224.62>
LayerCount: 2
Fore
Refer: 2196 57679 N 1 0 0 1 0 0 2
Validated: 1
EndChar
