StartChar: uni2097
Encoding: 8343 8343 2333
Width: 161
VWidth: 442
Flags: W
HStem: -112 23<-12.5973 1.939 100.939 109.057> 225 21<49.893 82.559>
VStem: -14.9434 162.87
DStem2: 21.593 -112 70.593 -112 0.207912 0.978148<39.7825 338.912>
LayerCount: 2
Fore
Refer: 2200 57683 N 1 0 0 1 0 0 2
Validated: 1
EndChar
