StartChar: uni2C65
Encoding: 11365 11365 1923
Width: 473
VWidth: 999
Flags: W
HStem: -10 57<167.188 234.267> 6 28<403.23 466.331> 395 44<271.267 391.459>
VStem: 74 81<54.7974 227.465> 320.246 80.373<22.481 158.551>
DStem2: 27.593 -2 52.304 -28 0.715714 0.698393<-8.04125 661.842>
LayerCount: 2
Fore
Refer: 2265 823 S 1 0 0 1 480 0 2
Refer: 283 97 N 1 0 0 1 0 0 2
Validated: 5
EndChar
