StartChar: uni25C7
Encoding: 9671 9671 2054
Width: 666
VWidth: 999
Flags: W
LayerCount: 2
Fore
Refer: 1234 9633 S 0.707107 0.707107 -0.707107 0.707107 281 -141 2
Validated: 1
EndChar
