StartChar: uni2767
Encoding: 10087 10087 1384
Width: 1119
VWidth: 999
Flags: W
TeX: 38 0
HStem: -95 68<442.6 494.251> -47 35<648.92 820.345> -11 25<454.426 514.803> 34 63<264.823 297.486 710.173 763.713> 49 28<575.772 662.944> 71 26<702 710> 94 51<611.803 671.513> 162 38<476.837 584.902> 183 28<877.246 950.607> 220 21<304.971 347 379.322 427.967> 220 33<776.161 832.39> 260 26<877.355 942.305> 268 37<473.306 584.493> 307 50<614.84 665.624> 344 65<714.129 766.493> 363 65<257.734 297.952> 368 25<599.024 663.889> 453 31<450 496.713> 466 34<651.571 819.992> 501 68<438.201 490.849>
VStem: 167 28<35.317 122.3 332.597 454.393> 297 36.236<96.523 177.255 288.25 364.717> 402 24<-60.395 -14.123 483.256 538.26> 428 58<35.741 135.974 326.75 425.031> 441 56<-64.902 -27.852 502.735 539> 545 20<365 383.157> 713.08 56.92<38.561 70.56 371 405.049> 781 33<161.234 193.467 272.968 304.475> 834 43<161.002 188.686 278.039 304.944>
DStem2: 1136 235 1085 236 0.714792 0.699337<-370.599 -35.7551> 1085 236 1136 235 0.726156 -0.68753<-312.104 0>
LayerCount: 2
Fore
Refer: 1380 9753 S -1 0 0 -1 1213 473 2
Validated: 1
EndChar
