StartChar: uni2C62
Encoding: 11362 11362 1920
Width: 526
VWidth: 999
Flags: W
HStem: 0 31<19.7188 94> 0 39<205.096 393.356> 281 59<243 345> 346 59<96 198> 614 33<137.562 201.125 316 390.281>
DStem2: 98.643 -2 180.406 -2 0.207912 0.978148<73.9415 605.102>
LayerCount: 2
Fore
Refer: 263 76 N 1 0 0 1 0 0 2
Refer: 312 126 S 1 0 0 1 -53 68 2
Validated: 5
EndChar
