StartChar: uni27E8
Encoding: 10216 10216 2339
Width: 351
VWidth: 999
Flags: W
VStem: 289 25<-148.214 -116.095>
DStem2: 128 301 179 263 0.73343 0.679765<11.5739 161.238>
LayerCount: 2
Fore
Refer: 2048 9001 S 1 0 0 1 0 0 3
Validated: 1
EndChar
