StartChar: uni2096
Encoding: 8342 8342 2332
Width: 318
VWidth: 442
Flags: W
HStem: -112 23<0.561996 40.199 90.184 117 237.293 269> 132 22<208 222.085 266.501 316.951> 219 22<73 96.67>
VStem: -2 321
DStem2: 183 40 140 -3 0.386727 -0.922194<-6.30351 133.869>
LayerCount: 2
Fore
Refer: 2199 57682 N 1 0 0 1 0 0 2
Validated: 5
EndChar
