StartChar: uni209A
Encoding: 8346 8346 2334
Width: 305
VWidth: 442
Flags: W
HStem: -243 23<-26.9531 11.165 61.25 91> -112 26<109.495 179.641> 117 22<50 73.716> 124 31<161.804 221.157>
VStem: 231 53<-21.298 120.496>
DStem2: 5.372 -243 52.372 -243 0.207912 0.978148<48.8737 164.464 214.647 362.635>
LayerCount: 2
Fore
Refer: 2203 57687 N 1 0 0 1 0 0 2
Validated: 1
EndChar
