StartChar: uni2C66
Encoding: 11366 11366 1924
Width: 398
VWidth: 999
Flags: HW
HStem: -10 60<178.5 258.126> 390 39<148.202 220 303 404.943>
DStem2: -2.40701 -2 22.304 -28 0.715714 0.698393<-8.04125 661.842> 127.623 -10 201.628 -10 0.21644 0.976296<92.8782 410.512 466.552 573.478>
LayerCount: 2
Fore
Refer: 302 116 N 1 0 0 1 40 0 2
Refer: 2265 823 S 1 0 0 1 450 0 2
Validated: 5
EndChar
