StartChar: uni232A
Encoding: 9002 9002 2049
Width: 351
VWidth: 999
Flags: W
VStem: 139 25<641.095 673.214>
DStem2: 325 224 274 262 0.73343 0.679765<-161.238 -11.5739>
LayerCount: 2
Fore
Refer: 2048 9001 N -1 0 0 -1 453 525 2
Validated: 1
EndChar
