StartChar: uniE002
Encoding: 57346 57346 1382
Width: 1157
VWidth: 999
Flags: W
TeX: 38 0
LayerCount: 2
Fore
Refer: 1381 57345 S -0.905882 0.423529 -0.423529 -0.905882 1293 283 2
Validated: 1
EndChar
