StartChar: upsilontonos
Encoding: 973 973 749
Width: 455
VWidth: 999
Flags: W
HStem: -10 39<201.857 313.298> 395 28<105.549 149> 416 20<216 238.624 416.5 442>
VStem: 115 72<42.3706 218> 167 85.4951<313.916 424.006> 436 46<215.888 358.01>
DStem2: 83.6438 -10 157.846 -10 0.21644 0.976296<131.885 390.566>
LayerCount: 2
Fore
Refer: 741 965 N 1 0 0 1 0 0 3
Refer: 684 900 S 1 0 0 1 153 -49 2
Validated: 1
LCarets2: 1 0
EndChar
