StartChar: upsilondieresis
Encoding: 971 971 747
Width: 455
VWidth: 999
Flags: HW
HStem: -10 39<201.857 313.298> 395 28<105.549 149> 416 20<216 238.624 416.5 442> 525 91<230.391 298.952 390.75 459.854>
VStem: 115 72<42.3706 218> 167 85.4951<313.916 424.006> 219 92<537.435 604.102> 380 92<537.898 605.223> 436 46<215.888 358.01>
DStem2: 83.6438 -10 157.846 -10 0.21644 0.976296<131.885 390.566>
LayerCount: 2
Fore
Refer: 741 965 N 1 0 0 1 0 0 3
Refer: 321 168 S 1 0 0 1 64 -2 2
Validated: 1
LCarets2: 1 0
EndChar
