StartChar: uring.sc
Encoding: 57517 57517 2091
Width: 571
VWidth: 714
Flags: W
HStem: -10 41<244.94 393.624> 429 33<125.25 178.75 284 350.75 456.25 509.75 583 649.75> 509 27<387.082 451.921> 648 27<403.379 469.943>
VStem: 339.278 37.2905<542.178 626.579> 479.281 37.204<557.71 642.095>
DStem2: 142 181 226 202 0.211654 0.977345<-73.4024 238.494> 480 211 530 224 0.207951 0.978139<-122.585 208.151>
LayerCount: 2
Fore
Refer: 1789 57445 N 1 0 0 1 0 0 3
Refer: 1414 778 S 1 0 0 1 477 -61 2
Validated: 1
EndChar
