StartChar: v.inferior
Encoding: 57693 57693 2209
Width: 301
VWidth: 633
Flags: W
HStem: 132 23<46 65.931 118.716 151.998 230 255 286.323 319.951>
VStem: 41 282
DStem2: 118 101 73 92 0.160335 -0.987063<-16.5561 155.51> 146 -52 138 -104 0.542031 0.840358<0 201.694>
LayerCount: 2
Fore
Refer: 2116 57557 S 1 0 0 1 -112 -476 3
Validated: 1
EndChar
