StartChar: w.inferior
Encoding: 57694 57694 2210
Width: 445
VWidth: 633
Flags: W
HStem: 132 23<55.378 79.205 132.938 167.013 202.378 224.589 278.561 314.013 372.378 403.744 437.168 471.675>
DStem2: 134.392 101 85.188 100 0.164986 -0.986296<-21.725 155.337> 161.264 -52 153.685 -104 0.500161 0.865932<0 120.94> 279.392 101 234.509 77 0.164986 -0.986296<-19.6985 16.266 50.4737 155.172> 305.264 -52 298.685 -104 0.513517 0.858079<0 195.31>
LayerCount: 2
Fore
Refer: 1462 695 S 1 0 0 1 -86 -476 3
Validated: 1
EndChar
