StartChar: y.inferior
Encoding: 57696 57696 2211
Width: 338
VWidth: 141
Flags: W
HStem: -238 41<4.207 74.728> 132 24<40.582 67.235 127.542 163.879 241.582 267.538 308.308 348.141>
DStem2: 128.02 109 74.578 97 0.239106 -0.970994<-11.6963 155.055> 111.005 -127 125.104 -156 0.541211 0.840887<-90.1283 36.4593 99.7769 293.079>
LayerCount: 2
Fore
Refer: 1392 696 S 1 0 0 1 -107 -476 2
Validated: 1
EndChar
