StartChar: yacute.sc
Encoding: 57485 57485 1825
Width: 489
VWidth: 714
Flags: W
HStem: -2 33<140.25 206.5 312.75 365.75> 429 33<115.25 154.11 260.138 311.75 398.25 444.734 511.603 562.75>
DStem2: 269 362 185 356 0.369117 -0.929383<-54.6765 135.189> 320 236 345 216 0.620558 0.78416<0 215.54>
LayerCount: 2
Fore
Refer: 1793 57449 N 1 0 0 1 0 0 3
Refer: 672 769 S 1 0 0 1 452 -39 2
Validated: 1
EndChar
