StartChar: z.inferior
Encoding: 57697 57697 2212
Width: 262
VWidth: 999
Flags: W
HStem: -112 30<69 186.408> 126 29<91.004 198>
VStem: 71 20<155.454 162>
DStem2: 8 -92 69 -82 0.657034 0.753861<47.6177 289.178>
LayerCount: 2
Fore
Refer: 2117 57561 S 1 0 0 1 -107 -476 3
Validated: 1
EndChar
