StartChar: Eightroman
Encoding: 8551 8551 1142
Width: 1585
Flags: W
HStem: -12 21<339.5 350> -2 34<672.617 741.406 910.594 979.383 962.617 1031.41 1200.59 1269.38 1252.62 1321.41 1490.59 1559.38> 568 34<6.77002 72.3149 238.486 313.23 457.77 524.618 620.96 686.23 672.617 741.406 910.594 979.383 962.617 1031.41 1200.59 1269.38 1252.62 1321.41 1490.59 1559.38>
VStem: 761 130<47 553> 1051 130<47 553> 1341 130<47 553>
DStem2: 360 216 100.002 513.997 0.397658 -0.917534<-304.034 47.4527> 375.5 171 370 11 0.400718 0.916201<0 407.495>
CounterMasks: 1 1c
LayerCount: 2
Fore
Refer: 1135 8544 N 1 0 0 1 1227 0 2
Refer: 1140 8549 N 1 0 0 1 0 0 2
Refer: 1135 8544 N 1 0 0 1 937 0 2
Validated: 32773
LCarets2: 3 655 972 1260
EndChar
