StartChar: Elevenroman
Encoding: 8554 8554 1145
Width: 1001
Flags: W
HStem: -2 34<668.617 737.406 906.594 975.383> -1 34<4.77002 75.5229 194.88 244.23 404.77 450.477 638.751 698.369> 568 34<29.631 86.656 276.414 327.23 457.77 507.12 612.004 682.23 668.617 737.406 906.594 975.383>
VStem: 757 130<47 553>
DStem2: 435.667 302 340 221 0.589415 -0.807831<-296.826 -89.3361 -17.301 216.163> 404.667 389.667 441 363.667 0.683341 0.730099<-17.7115 177.866>
LayerCount: 2
Fore
Refer: 1135 8544 N 1 0 0 1 643 0 2
Refer: 1144 8553 N 1 0 0 1 -2 0 2
Validated: 32773
LCarets2: 1 679
EndChar
