StartChar: Fourroman
Encoding: 8547 8547 1138
Width: 1006
Flags: W
HStem: -12 21<652.5 663> -2 34<25.6167 94.4056 263.594 332.383> 568 34<25.6167 94.4056 263.594 332.383 319.77 385.315 551.486 626.23 770.77 837.618 933.96 999.23>
VStem: 114 130<47 553>
DStem2: 673 216 413.002 513.997 0.397658 -0.917534<-304.034 47.4527> 688.5 171 683 11 0.400718 0.916201<0 407.495>
LayerCount: 2
Fore
Refer: 1139 8548 N 1 0 0 1 307 0 2
Refer: 1135 8544 N 1 0 0 1 0 0 2
Validated: 32773
LCarets2: 1 347
EndChar
