StartChar: Nineroman
Encoding: 8552 8552 1143
Width: 991
Flags: W
HStem: -2 34<25.6167 94.4056 263.594 332.383> -1 34<291.77 362.523 481.88 531.23 691.77 737.477 925.751 985.369> 568 34<25.6167 94.4056 263.594 332.383 316.631 373.656 563.414 614.23 744.77 794.12 899.004 969.23>
VStem: 114 130<47 553>
DStem2: 722.667 302 627 221 0.589415 -0.807831<-296.826 -89.3361 -17.301 216.163> 691.667 389.667 728 363.667 0.683341 0.730099<-17.7115 177.866>
LayerCount: 2
Fore
Refer: 1144 8553 N 1 0 0 1 285 0 2
Refer: 1135 8544 N 1 0 0 1 0 0 2
Validated: 32773
LCarets2: 1 324
EndChar
