StartChar: Sixroman
Encoding: 8549 8549 1140
Width: 1006
Flags: W
HStem: -12 21<339.5 350> -2 34<672.617 741.406 910.594 979.383> 568 34<6.77002 72.3149 238.486 313.23 457.77 524.618 620.96 686.23 672.617 741.406 910.594 979.383>
VStem: 761 130<47 553>
DStem2: 360 216 100.002 513.997 0.397658 -0.917534<-304.034 47.4527> 375.5 171 370 11 0.400718 0.916201<0 407.495>
LayerCount: 2
Fore
Refer: 1135 8544 N 1 0 0 1 647 0 2
Refer: 1139 8548 N 1 0 0 1 -6 0 2
Validated: 32773
LCarets2: 1 656
EndChar
