StartChar: Wdieresis
Encoding: 7812 7812 820
Width: 1028
VWidth: 999
Flags: W
HStem: -12 21<315.5 326 683.333 697.667> 613 34<6.77002 71.2047 249.033 323.23 787.77 840.94 967.491 1021.23> 702 109<341.037 429.257 526.743 614.963>
VStem: 330 110<713.463 799.462> 516 110<713.463 799.462>
DStem2: 246 573 100.002 558.997 0.324499 -0.945886<-24.4022 403.708> 364.5 184 288 11 0.324499 -0.945886<-376.26 0> 574.5 613 504.951 409.794 0.332932 -0.942951<168.458 421.128> 729.5 174 725 11 0.344982 0.938609<0 423.398>
LayerCount: 2
Fore
Refer: 319 168 S 1 0 0 1 273 183 2
Refer: 272 87 N 1 0 0 1 0 0 3
LCarets2: 1 0
EndChar
