StartChar: Zeta
Encoding: 918 918 693
Width: 624
VWidth: 999
Flags: W
HStem: -8 21<552 572> 0 44<208.684 493.191> 602 43<142.523 402.995> 633 20<71 91>
VStem: 42 39<478.917 529.438> 563 39<126.175 174.083>
DStem2: 28 38 213 72 0.568656 0.822575<114.375 672.078>
LayerCount: 2
Fore
Refer: 275 90 N 1 0 0 1 0 0 3
EndChar
