StartChar: afii10030
Encoding: 1052 1052 772
Width: 899
VWidth: 999
Flags: W
HStem: -2 34<9.1958 59.3776 158.925 210.804 598.196 658.528 812.056 875.804> 613 34<53.77 121.851 775.537 840.23>
DStem2: 84.9346 121 144.027 123 0.0967101 0.995313<-65.1188 7.7055> 262 645 174.37 498 0.370465 -0.928846<104.077 478.721> 446 201 410 5 0.391398 0.920221<0 380.408> 768.3 542 637 534 0.0704962 -0.997512<-1.27604 492.32>
LayerCount: 2
Fore
Refer: 262 77 N 1 0 0 1 0 0 3
Validated: 32769
EndChar
