StartChar: afii10062
Encoding: 1038 1038 72
Width: 667
VWidth: 999
Flags: W
HStem: -29 81<199.091 281.302> 613 34<11.77 76.8217 253.092 328.23 421.77 488.481 589.686 655.23> 693 42<313.506 407.415>
VStem: 229 86<736.453 807.149> 407 86<737.719 808.265>
DStem2: 251 574 106 559 0.419188 -0.907899<-21.3706 315.432> 311 115 404 161 0.375989 0.926624<-70.5818 0 187.261 514.364>
LayerCount: 2
Fore
Refer: 83 1059 N 1 0 0 1 0 0 3
Refer: 2255 58208 S 1 0 0 1 552 0 2
LCarets2: 1 0
EndChar
