StartChar: afii10039
Encoding: 1061 1061 84
Width: 718
VWidth: 999
Flags: W
HStem: -1 34<6.77002 80.0464 196.589 246.23 406.77 452.627 648.071 710.369> 613 34<31.631 88.656 288.414 339.23 459.77 509.12 614.004 684.23>
DStem2: 602.335 99.001 434.006 88.9912 0.521857 -0.853033<-285.847 -32.2384>
LayerCount: 2
Fore
Refer: 273 88 N 1 0 0 1 0 0 3
EndChar
