StartChar: agrave.sc
Encoding: 57456 57456 1845
Width: 600
VWidth: 999
Flags: W
HStem: -2 34<5.77002 68.5078 155.078 224.23 299.77 373.484 529.518 593.23> 169 35<204.865 331> 454 20<360.5 373.165>
DStem2: 103.975 101.992 151.995 78.998 0.390044 0.920796<-30.2838 104.39 141.62 141.62 314.972 314.972> 366 474 272 375 0.337254 -0.941414<61.4981 242.378 279.712 405.266>
LayerCount: 2
Fore
Refer: 1820 57425 N 1 0 0 1 0 0 3
Refer: 669 768 S 1 0 0 1 448 0 2
EndChar
