StartChar: aleph
Encoding: 8501 8501 2037
Width: 481
Flags: W
HStem: 0 12<15.5 151 382.5 414.5> 543 20<312.878 338.5>
VStem: 13 93<176 274.932> 23 90<486.004 530.548> 50 154<20.8538 116.192>
DStem2: 133 486 66 382 0.673572 -0.739121<-50.5175 74.1856 115.219 234.358 344.81 474.156>
LayerCount: 2
Fore
Refer: 2003 1488 N 1 0 0 1 0 0 2
Validated: 32769
EndChar
