StartChar: divide
Encoding: 247 247 37
Width: 540
VWidth: 999
Flags: W
HStem: 27.6186 119.016<228.756 308.249> 206 60<74 463> 327.619 119.016<228.756 308.249>
VStem: 208.745 119.016<47.7365 126.624> 208.745 119.016<347.736 426.624>
LayerCount: 2
Fore
Refer: 256 46 N 0.83814 0 0 0.83814 166 336 2
Refer: 256 46 N 0.83814 0 0 0.83814 166 36 2
Refer: 1205 8722 N 1 0 0 1 0 0 3
EndChar
