StartChar: eight.superior
Encoding: 8312 8312 1077
Width: 340
VWidth: 407
Flags: W
HStem: 358 28<139.17 212.236> 692 26<145.657 212.212>
VStem: 42 73<402.436 497.028> 63 70<620.85 677.546> 225 63<606.875 686.549> 231 84<411.524 493.936>
DStem2: 196 596 124 545 0.854616 -0.51926<-86.1355 -31.4477 34.7364 101.326>
LayerCount: 2
Fore
Refer: 1093 8328 N 1 0 0 1 6 529 3
Validated: 32769
EndChar
