StartChar: five.superior
Encoding: 8309 8309 1074
Width: 340
VWidth: 404
Flags: W
HStem: 357.64 31.3203<122.042 177.548> 645.48 65.0791<120 262>
VStem: 192 89<412.534 518.253>
DStem2: 70 557.8 113 595.28 0.13619 0.990683<42.9874 93.6732>
LayerCount: 2
Fore
Refer: 1090 8325 S 1 0 0 1 9 528 3
Validated: 32769
EndChar
