StartChar: gradient
Encoding: 8711 8711 1201
Width: 584
VWidth: 487
Flags: W
HStem: 577 26<65 483>
DStem2: 14 588 65 577 0.378813 -0.925473<29.4997 579.148> 318 -13 270 67 0.387988 0.921664<55.1097 607.8>
LayerCount: 2
Fore
Refer: 1200 8710 N 1 0 0 -1 0 603 3
Validated: 32793
EndChar
