StartChar: iturned.superior
Encoding: 7502 7502 2393
Width: 194
VWidth: 952
Flags: W
HStem: 233 99<18.918 104.677> 385 30<105.091 154.96> 604 30<-59.311 -3.28699 106.518 162.541>
VStem: 7.61501 88<421.54 597.074> 8.61501 105<242.317 321.231>
LayerCount: 2
Fore
Refer: 1072 8305 S -1 0 0 -1 205.615 996 2
EndChar
