StartChar: k.inferior
Encoding: 57682 57682 2237
Width: 332
VWidth: 917
Flags: W
HStem: -112 28<21 57.6094 124.301 155 271.234 318> 128 27<186 207.992 250.403 306> 214 27<15.4815 42.7158>
VStem: 58 66<-83.8319 14 34 217.993> 103 21<14 34>
DStem2: 192 40 153 -8 0.560848 -0.827919<-8.18906 132.329>
LayerCount: 2
Fore
Refer: 2169 57546 N 1 0 0 1 0 -476 3
Validated: 32773
EndChar
