StartChar: k.superior
Encoding: 7503 7503 2394
Width: 332
VWidth: 917
Flags: W
HStem: 364 28<21 57.6094 124.301 155 271.234 318> 604 27<186 207.992 250.403 306> 690 27<15.4815 42.7158>
VStem: 58 66<392.168 490 510 693.993> 103 21<490 510>
DStem2: 192 516 153 468 0.560848 -0.827919<-8.18906 132.329>
LayerCount: 2
Fore
Refer: 2169 57546 N 1 0 0 1 0 0 2
EndChar
