StartChar: logicalor
Encoding: 8744 8744 2080
Width: 679
VWidth: 999
Flags: W
HStem: -6 20<302.016 362.029> 416 21<112 168.941 496.111 553>
DStem2: 311 -6 333 50 0.409765 -0.912191<-465.975 -42.0679> 553 437 505 437 0.411476 0.91142<-443.245 -19.7509>
LayerCount: 2
Fore
Refer: 2079 8743 N -1 0 0 -1 665 437 2
Validated: 32769
EndChar
