StartChar: ncaron.sc
Encoding: 57507 57507 2133
Width: 652
VWidth: 999
Flags: W
HStem: -12 21<429.617 465.417> -2 34<32.77 95.8255 177.175 240.23> 428 34<38.6591 92.7456 411.77 474.825 556.175 619.23>
VStem: 108 57<41.4929 329.553> 487 57<151 418.507>
DStem2: 244 460 191 323 0.592934 -0.805251<63.9299 386.215>
LayerCount: 2
Fore
Refer: 657 711 N 1 0 0 1 132 0 2
Refer: 1832 57438 S 1 0 0 1 0 0 3
EndChar
