StartChar: ntilde.sc
Encoding: 57473 57473 1862
Width: 652
VWidth: 714
Flags: W
HStem: -12 21<429.617 465.417> -2 34<32.77 95.8255 177.175 240.23> 428 34<38.6591 92.7456 411.77 474.825 556.175 619.23> 519 70<324.399 425.905> 557 71<217.858 317.467>
VStem: 108 57<41.4929 329.553> 178 26<521.865 543.979> 439 28<609.298 625.118> 487 57<151 418.507>
DStem2: 244 460 191 323 0.592934 -0.805251<63.9299 386.215>
LayerCount: 2
Fore
Refer: 667 732 S 1 0 0 1 166 0 2
Refer: 1832 57438 N 1 0 0 1 0 0 3
EndChar
