StartChar: pertenthousand
Encoding: 8241 8241 1371
Width: 1201
VWidth: 999
Flags: W
TeX: 38 0
HStem: -19 39<464.6 519.99 739.6 794.99 1000.6 1055.99> 214 36<494.292 553.315 769.292 828.315 1030.29 1089.31> 297 39<144.59 200.99> 474 45<284.316 457.718> 530 36<175.292 245.992>
VStem: 51 92<336.372 492.517> 243 42<385.167 505.827> 370 93<20.4706 176.517> 562 42<69.1669 208.803> 645 93<20.4706 176.517> 837 42<69.1669 208.803> 906 93<20.4706 176.517> 1098 42<69.1669 208.803>
DStem2: 96 -4 150 -16 0.588938 0.808178<22.1045 620.449 651.051 709.262>
LayerCount: 2
Fore
Refer: 1374 57375 N 1 0 0 1 886 0 2
Refer: 1062 8240 N 1 0 0 1 0 0 2
EndChar
