StartChar: two.inferior
Encoding: 8322 8322 1087
Width: 340
VWidth: 407
Flags: W
HStem: -165 57<124 248.58> 150 30<114.931 177.423>
VStem: 33 77.6885<58.846 131.824> 190 89<35.863 139.344>
DStem2: 94.2493 -50.5 151.297 -63.5 0.737072 0.675814<-15.6788 148.435>
LayerCount: 2
Fore
Refer: 329 178 S 1 0 0 1 0 -529 3
Validated: 32769
EndChar
