StartChar: uni01E2
Encoding: 482 482 551
Width: 956
VWidth: 999
Flags: W
HStem: -2 34<8.77002 69.2913 171.658 242.23 358.77 432.943> 0 42<596.172 801.205> 266 50<297 449> 317 50<589 748.134> 496 149<825.745 866.173> 603 42<596.747 785.219> 613 34<306 366.614> 770 50<415.182 725.647>
VStem: 413 315<770.682 819.598> 449 140<48.1312 266 316 317 367 558.22> 761 43<252.086 302.875 377.375 431.914> 833 43<498.655 549.073> 872 45<116.761 167.943>
DStem2: 111.983 102 170 79 0.471959 0.88162<-17.4171 219.635 275.987 558.177>
LayerCount: 2
Fore
Refer: 659 713 S 1 0 0 1 354 227 2
Refer: 349 198 N 1 0 0 1 0 0 3
Validated: 32769
LCarets2: 1 0
EndChar
