StartChar: uni04EE
Encoding: 1262 1262 1349
Width: 667
VWidth: 999
Flags: W
TeX: 57 0
HStem: -29 81<199.091 281.302> 613 34<11.77 76.8217 253.092 328.23 421.77 488.481 589.686 655.23> 770 50<164.182 474.647>
VStem: 162 315<770.682 819.598>
DStem2: 251 574 106 559 0.419188 -0.907899<-21.3706 315.432> 311 115 404 161 0.375989 0.926624<-70.5818 0 187.261 514.364>
LayerCount: 2
Fore
Refer: 83 1059 N 1 0 0 1 0 0 3
Refer: 659 713 S 1 0 0 1 103 227 2
Validated: 32769
EndChar
