StartChar: uni01CB
Encoding: 459 459 528
Width: 1035
VWidth: 999
Flags: W
HStem: -232.15 57.2<708.1 815.341> -12 21<549.617 585.417> -2 34<20.77 89.8593 180.791 251.23> 382 34<758.645 814.229> 528 131<834.375 933.698> 613 34<28.77 77.2322 485.77 556.209 647.141 716.23>
VStem: 111 50<48.6827 449.993> 576 50<221.993 596.317> 816 138<548.43 640.955> 825 130<-88.9215 373.871>
DStem2: 284.125 540 192.785 430 0.647124 -0.762385<-5.74275 425.344>
LayerCount: 2
Fore
Refer: 290 106 N 1 0 0 1 723 0 2
Refer: 263 78 N 1 0 0 1 0 0 2
LCarets2: 1 0
EndChar
