StartChar: uni04D4
Encoding: 1236 1236 110
Width: 956
VWidth: 999
Flags: W
HStem: -2 34<8.77002 69.2913 171.658 242.23 358.77 432.943> 0 42<596.172 801.205> 266 50<297 449> 317 50<589 748.134> 496 149<825.745 866.173> 603 42<596.747 785.219> 613 34<306 366.614>
VStem: 449 140<48.1312 266 316 317 367 558.22> 761 43<252.086 302.875 377.375 431.914> 833 43<498.655 549.073> 872 45<116.761 167.943>
DStem2: 111.983 102 170 79 0.471959 0.88162<-17.4171 219.635 275.987 558.177>
LayerCount: 2
Fore
Refer: 349 198 N 1 0 0 1 0 0 3
Validated: 32769
EndChar
