StartChar: uni0246
Encoding: 582 582 2323
Width: 609
VWidth: 999
Flags: W
HStem: -13 21<-1.5 24.193> -2 34<11.77 85.9433> 0 42<249.172 454.205> 319 46<242 399.554> 603 42<249.747 438.219> 613 34<12.2578 85.9433> 638 20<474.756 500.5>
VStem: 102 140<48.1312 319 365 596.345> 414 43<252.086 303.875 376.375 431.914> 525 45<116.761 167.944>
DStem2: -28 19 8 -13 0.629268 0.777188<-6.99463 829.327>
LayerCount: 2
Fore
Refer: 1690 824 S 1 0 0 1 610 0 2
Refer: 28 69 N 1 0 0 1 0 0 3
Validated: 32773
EndChar
