StartChar: uni02A4
Encoding: 676 676 1673
Width: 755
VWidth: 999
Flags: W
HStem: -227 37<490.355 580.096> -10 74<193 287.665> 23 32<498.156 547.438> 386 47<451 599> 402 42<219.765 348.876> 638 34<280.144 340.885> 678 20<449.5 472.5>
VStem: 37 140<106.213 306.711> 351 130<79.2183 391.711 434 631.337> 646 117<-114.702 49.9858>
DStem2: 440 98 584 156 0.483318 0.875445<120.374 328.976>
LayerCount: 2
Fore
Refer: 284 100 N 1 0 0 1 0 0 2
Refer: 652 658 N 1 0 0 1 330 0 2
Colour: ff0000
EndChar
