StartChar: uni0247
Encoding: 583 583 2324
Width: 489
Flags: W
HStem: -10 86<221.672 346.806> 235 42<176 314.939> 402 42<211.038 294.351>
VStem: 37 135<127.941 235 277 300.984> 315 127<255 366.526>
DStem2: 12 -2 42 -28 0.634704 0.772756<-7.23374 597.575>
LayerCount: 2
Fore
Refer: 285 101 N 1 0 0 1 0 0 3
Refer: 2282 823 S 1 0 0 1 464 0 2
EndChar
