StartChar: uni0290
Encoding: 656 656 1650
Width: 452
VWidth: 999
Flags: W
HStem: 0 39<176 336.009> 394 42<117.053 268> 426 20<59.7808 69.749>
VStem: 40 37<298.845 343.682>
LayerCount: 2
Fore
Refer: 1439 802 N 0.964326 -0.264717 0.264717 0.964326 402 47 2
Refer: 306 122 N 1 0 0 1 0 0 2
Colour: ff0000
EndChar
