StartChar: uni04F2
Encoding: 1266 1266 1351
Width: 667
VWidth: 999
Flags: HW
TeX: 57 0
HStem: -29 81<199.091 281.302> 613 34<11.77 76.8217 253.092 328.23 421.77 488.481 589.686 655.23> 777 147
VStem: 217 254
DStem2: 251 574 106 559 0.419188 -0.907899<-21.3706 315.432> 311 115 404 161 0.375989 0.926624<-70.5818 0 187.261 514.364>
LayerCount: 2
Fore
Refer: 83 1059 N 1 0 0 1 0 0 3
Refer: 2272 58205 N 1 0 0 1 572 91 2
EndChar
