StartChar: uni0477
Encoding: 1143 1143 1969
Width: 576
Flags: W
HStem: -11 21<244 268> 380 65<439.241 528.613> 397 37<19 65.5065 184.001 220>
DStem2: 191 358 77 353 0.365737 -0.930718<-27.2545 224.876> 274 149 301 13 0.365753 0.930712<0 277.681>
LayerCount: 2
Fore
Refer: 677 783 N 1 0 0 1 419 -98 2
Refer: 1918 1141 N 1 0 0 1 0 0 3
Validated: 32777
EndChar
