StartChar: uni01C4
Encoding: 452 452 521
Width: 1337
VWidth: 999
Flags: W
HStem: -8 21<1265 1285> -2 34<25.6167 94.4056> -2 42<269.225 426.596> 0 44<921.684 1206.19> 602 43<855.523 1115.99> 604 42<268.527 415.668> 613 34<25.6167 94.4056> 633 20<784 804> 698 136
VStem: 114 140<54.7283 590.272> 535 151<175.935 431.978> 755 39<478.917 529.438> 886 277 1276 39<126.175 174.083>
DStem2: 741 38 926 72 0.568656 0.822575<114.375 672.078>
LayerCount: 2
Fore
Refer: 495 381 N 1 0 0 1 713 0 2
Refer: 27 68 N 1 0 0 1 0 0 2
LCarets2: 1 0
EndChar
