StartChar: uni02A5
Encoding: 677 677 1674
Width: 817
VWidth: 999
Flags: W
HStem: -10 74<193 287.665> 0 46<555 559 650 745.245> 23 32<498.156 547.438> 127 41<686.764 755.568> 386 47<514.423 663> 402 42<219.765 348.876> 638 34<280.144 340.885> 678 20<449.5 472.5>
VStem: 37 140<106.213 306.711> 351 130<79.2183 391.711 434 631.337> 419 69<296.884 331.727> 757 73<57.011 126.235>
DStem2: 429 31 555 46 0.550351 0.834934<81.8682 425.183>
LayerCount: 2
Fore
Refer: 1656 657 S 1 0 0 1 395 0 2
Refer: 284 100 N 1 0 0 1 0 0 2
Colour: ff0000
EndChar
