StartChar: uni01CA
Encoding: 458 458 527
Width: 1082
VWidth: 999
Flags: HW
HStem: -187 59<715.5 824.696> -12 21<549.617 585.417> -2 34<20.77 89.8593 180.791 251.23> 613 34<28.77 77.2322 485.77 556.209 647.141 716.23 742.77 825.807 997.92 1063.23>
VStem: 111 50<48.6827 449.993> 576 50<221.993 596.317> 843 140<-22.2492 599.635>
DStem2: 284.125 540 192.785 430 0.647124 -0.762385<-5.74275 425.344>
LayerCount: 2
Fore
Refer: 259 74 N 1 0 0 1 702 0 2
Refer: 263 78 N 1 0 0 1 0 0 2
LCarets2: 1 0
EndChar
