StartChar: uni02A8
Encoding: 680 680 1678
Width: 638
VWidth: 999
Flags: W
HStem: -12 72<434 524.422> -10 70<184.266 285.288> 162 33<533.96 576.752> 384 50<28.2324 91 217 335.992> 409 36<409.674 490.938>
VStem: 88 130<66.9602 384 434 549.542> 237 118<141.277 310.797> 506 135<309.836 392.743> 577 66<95.8426 161.432>
DStem2: 359 5 415 -11 0.513194 0.858273<-92.0033 0>
LayerCount: 2
Fore
Refer: 1467 597 N 1 0 0 1 208 0 2
Refer: 300 116 N 1 0 0 1 0 0 2
Colour: ff0000
EndChar
