StartChar: uni026E
Encoding: 622 622 1659
Width: 516
VWidth: 999
Flags: W
HStem: -227 37<250.355 340.096> -2 34<19.77 83.2627 246.737 310.23> 386 47<211 359> 640 32<29.1436 89.8851> 678 20<198.5 221.5>
VStem: 100 130<44.1062 633.241> 406 117<-114.702 49.9858>
DStem2: 200 98 344 156 0.483318 0.875445<120.374 328.976>
LayerCount: 2
Fore
Refer: 1963 108 N 1 0 0 1 0 0 2
Refer: 652 658 N 1 0 0 1 90 0 2
Validated: 32773
Colour: ff0000
EndChar
