StartChar: uni04D0
Encoding: 1232 1232 106
Width: 740
VWidth: 999
Flags: HW
HStem: -2 34<3.77002 69.5762 167.992 237.23 421.77 500.035 664.842 733.23> 235 48<250.587 425> 638 20<426.5 441.203> 693 42<310.506 404.415>
VStem: 226 86<736.453 807.149> 404 86<737.719 808.265>
DStem2: 106.983 102 165 79 0.390001 0.920814<-25.5008 179.412 231.412 451.365> 323.835 614 336.175 520 0.390001 0.920814<-540.408 -382.79 -329.399 -81.7439> 434 658 343.096 520 0.338836 -0.940845<99.0351 349.768 401.027 600.306>
LayerCount: 2
Fore
Refer: 766 1040 N 1 0 0 1 0 0 3
Refer: 2255 58208 S 1 0 0 1 568 0 2
LCarets2: 1 0
EndChar
