StartChar: uni023C
Encoding: 572 572 1727
Width: 456
VWidth: 999
Flags: W
HStem: -10 72<234.041 330.134> -6 21<34.5 60.193> 402 42<205.102 288.383> 645 20<510.756 536.5>
VStem: 37 135<130.634 307.849> 305 117<296.764 386.24>
DStem2: 8 26 44 -6 0.629268 0.777188<-6.99463 829.327>
LayerCount: 2
Fore
Refer: 1690 824 N 1 0 0 1 646 7 2
Refer: 283 99 N 1 0 0 1 0 0 2
EndChar
