StartChar: uni02AC
Encoding: 684 684 1671
Width: 390
VWidth: 999
Flags: W
HStem: 270 23<25 55.7523 111.507 138 172 200.731 256.678 284 342 380.025 414.329 444> 608 23<25 55.7523 111.507 138 172 200.731 256.678 284 342 380.025 414.329 444>
DStem2: 173 424 142 371 0.347612 -0.937638<-188.13 0> 173 86 142 33 0.347612 -0.937638<-188.13 0> 173 424 176 372 0.350425 0.936591<0 109.301> 173 86 176 34 0.350425 0.936591<0 109.301> 260 577 211 576 0.347612 -0.937638<-24.9938 8.59883 44.3023 163.273> 260 239 211 238 0.347612 -0.937638<-24.9938 8.59883 44.3023 163.273> 317 424 321 372 0.367378 0.930072<0 188.463> 317 86 321 34 0.367378 0.930072<0 188.463>
LayerCount: 2
Fore
Refer: 1395 695 S 1 0 0 1 12 0 2
Refer: 1395 695 S 1 0 0 1 12 -338 2
Validated: 32769
Colour: ff0000
EndChar
