StartChar: uni04F0
Encoding: 1264 1264 1350
Width: 667
VWidth: 999
Flags: W
TeX: 57 0
HStem: -29 81<199.091 281.302> 613 34<11.77 76.8217 253.092 328.23 421.77 488.481 589.686 655.23> 713 113<177.613 266.387 364.997 453.771>
VStem: 166 112<724.613 814.003> 353 112<724.613 814.003>
DStem2: 251 574 106 559 0.419188 -0.907899<-21.3706 315.432> 311 115 404 161 0.375989 0.926624<-70.5818 0 187.261 514.364>
LayerCount: 2
Fore
Refer: 83 1059 N 1 0 0 1 0 0 3
Refer: 2257 58210 S 1 0 0 1 554 3 2
Validated: 32769
EndChar
