StartChar: uni01F1
Encoding: 497 497 566
Width: 1340
VWidth: 999
Flags: W
HStem: -8 21<1268 1288> -2 34<25.6167 94.4056> -2 42<269.225 426.596> 0 44<924.684 1209.19> 602 43<858.523 1118.99> 604 42<268.527 415.668> 613 34<25.6167 94.4056> 633 20<787 807>
VStem: 114 140<54.7283 590.272> 535 151<175.935 431.978> 758 39<478.917 529.438> 1279 39<126.175 174.083>
DStem2: 744 38 929 72 0.568656 0.822575<114.375 672.078>
LayerCount: 2
Fore
Refer: 275 90 S 1 0 0 1 716 0 2
Refer: 27 68 N 1 0 0 1 0 0 2
LCarets2: 1 0
EndChar
