StartChar: uni01F8
Encoding: 504 504 573
Width: 740
VWidth: 999
Flags: W
HStem: -12 21<549.617 585.417> -2 34<20.77 89.8593 180.791 251.23> 571 120 613 34<28.77 77.2322 485.77 556.209 647.141 716.23>
VStem: 111 50<48.6827 449.993> 217 212 576 50<221.993 596.317>
DStem2: 284.125 540 192.785 430 0.647124 -0.762385<-5.74275 425.344>
LayerCount: 2
Fore
Refer: 263 78 N 1 0 0 1 0 0 3
Refer: 2267 58200 S 1 0 0 1 510 0 2
Validated: 32777
LCarets2: 1 0
EndChar
