StartChar: uni1F87
Encoding: 8071 8071 1554
Width: 654
VWidth: 999
Flags: W
HStem: -238 50<267.5 362.481> -10 42<227.588 315.076> -8 72<508.415 582.02> 402 42<230.296 321.765> 484 17<267.813 284> 587 76<229.39 281.256> 670 57<252.202 334.288> 724 59<132.168 218.3>
VStem: 36 140<99.0926 306.594> 96 26<678.846 706.367> 178 50<524.697 607.5> 178 121<-185.105 -64> 348 26<751.217 776.692> 372 29<-175.603 -152.211>
DStem2: 441 312 485.133 130.771 0.446646 0.894711<0 154.467>
LayerCount: 2
Fore
Refer: 1485 890 N 1 0 0 1 72 18 2
Refer: 1476 7943 S 1 0 0 1 0 0 3
Validated: 32769
EndChar
