StartChar: uni1F68
Encoding: 8040 8040 977
Width: 766
VWidth: 487
Flags: W
HStem: 0 81<189.848 343 550 700.152> 545 17<2.35294 20.1868> 616 42<359.259 535.456> 649 75<6.6499 58.6104>
VStem: 60 50<586.145 669> 127 151<288.921 477.532> 617 151<292.132 483.209>
DStem2: 499 16 550 81 0.0830455 0.996546<69.0108 131.51>
LayerCount: 2
Fore
Refer: 1483 8127 S 1 0 0 1 -29 72 2
Refer: 711 937 S 1 0 0 1 73 0 2
Validated: 32769
LCarets2: 1 0
EndChar
