StartChar: uni1F71
Encoding: 8049 8049 982
Width: 654
Flags: W
HStem: -10 42<227.588 315.076> -8 72<508.415 582.02> 402 42<230.296 321.765> 499 183
VStem: 36 140<99.0926 306.594> 252 150
DStem2: 441 312 485.133 130.771 0.446646 0.894711<0 154.467>
LayerCount: 2
Fore
Refer: 714 940 N 1 0 0 1 0 0 3
Validated: 32769
EndChar
