StartChar: uni1E88
Encoding: 7816 7816 824
Width: 1028
VWidth: 999
Flags: W
HStem: -227 131<416.375 515.698> -12 21<315.5 326 683.333 697.667> 613 34<6.77002 71.2047 249.033 323.23 787.77 840.94 967.491 1021.23>
VStem: 398 138<-206.57 -114.045>
DStem2: 246 573 100.002 558.997 0.324499 -0.945886<-24.4022 403.708> 364.5 184 288 11 0.324499 -0.945886<-376.26 0> 574.5 613 504.951 409.794 0.332932 -0.942951<168.458 421.128> 729.5 174 725 11 0.344982 0.938609<0 423.398>
LayerCount: 2
Fore
Refer: 664 729 S 1 0 0 1 308 -755 2
Refer: 272 87 N 1 0 0 1 0 0 3
LCarets2: 1 0
EndChar
