StartChar: uni1F0A
Encoding: 7946 7946 938
Width: 736
VWidth: 999
Flags: W
HStem: -2 34<45.77 111.576 209.992 279.23 463.77 542.035 706.842 775.23> 235 48<292.587 467> 541 186 542 17<-29.6471 -11.8132> 638 20<468.5 483.203> 646 75<-25.3501 26.6104>
VStem: 28 50<583.145 666>
DStem2: 148.983 102 207 79 0.390001 0.920814<-25.5008 179.412 231.412 451.365> 365.835 614 378.175 520 0.390001 0.920814<-540.408 -382.79 -329.399 -81.7439> 476 658 385.096 520 0.338836 -0.940845<99.0351 349.768 401.027 600.306>
LayerCount: 2
Fore
Refer: 1484 8141 S 1 0 0 1 -64 70 2
Refer: 688 913 N 1 0 0 1 42 0 2
Validated: 32769
LCarets2: 1 0
EndChar
