StartChar: uni1F03
Encoding: 7939 7939 1474
Width: 654
VWidth: 999
Flags: W
HStem: -10 42<227.588 315.076> -8 72<508.415 582.02> 402 42<230.296 321.765> 516 186 517 17<186.813 203> 620 76<148.39 200.256>
VStem: 36 140<99.0926 306.594> 97 50<557.697 640.5>
DStem2: 441 312 485.133 130.771 0.446646 0.894711<0 154.467>
LayerCount: 2
Fore
Refer: 1491 8157 S 1 0 0 1 68 45 2
Refer: 719 945 N 1 0 0 1 0 0 3
Validated: 32769
EndChar
