StartChar: uni1F89
Encoding: 8073 8073 1556
Width: 1000
Flags: W
HStem: -10 68<829.5 935.909> -2 34<3.77002 69.5762 167.992 237.23 421.77 500.035 664.842 733.23> 235 48<250.587 425> 546 17<177.813 194> 638 20<426.5 441.203> 649 76<139.39 191.256>
VStem: 88 50<586.697 669.5> 765 121<61.0357 303>
DStem2: 106.983 102 165 79 0.390001 0.920814<-25.5008 179.412 231.412 451.365> 323.835 614 336.175 520 0.390001 0.920814<-540.408 -382.79 -329.399 -81.7439> 434 658 343.096 520 0.338836 -0.940845<99.0351 349.768 401.027 600.306>
LayerCount: 2
Fore
Refer: 1602 8126 N 1 0 0 1 674 0 2
Refer: 1477 7945 N 1 0 0 1 0 0 2
Validated: 32769
EndChar
