StartChar: uni1E46
Encoding: 7750 7750 199
Width: 740
VWidth: 999
Flags: W
HStem: -227 131<312.375 411.698> -12 21<549.617 585.417> -2 34<20.77 89.8593 180.791 251.23> 613 34<28.77 77.2322 485.77 556.209 647.141 716.23>
VStem: 111 50<48.6827 449.993> 294 138<-206.57 -114.045> 576 50<221.993 596.317>
DStem2: 284.125 540 192.785 430 0.647124 -0.762385<-5.74275 425.344>
LayerCount: 2
Fore
Refer: 664 729 S 1 0 0 1 204 -755 2
Refer: 263 78 N 1 0 0 1 0 0 3
LCarets2: 1 0
EndChar
