StartChar: uni1FFA
Encoding: 8186 8186 1032
Width: 770
VWidth: 487
Flags: W
HStem: 0 81<194.848 348 555 705.152> 547 177 616 42<364.259 540.456>
VStem: -42 128 132 151<288.921 477.532> 622 151<292.132 483.209>
DStem2: 504 16 555 81 0.0830455 0.996546<69.0108 131.51>
LayerCount: 2
Fore
Refer: 1028 8175 N 1 0 0 1 -95 -5 2
Refer: 711 937 N 1 0 0 1 78 0 2
Validated: 32769
LCarets2: 1 0
EndChar
