StartChar: uni1E92
Encoding: 7826 7826 834
Width: 624
VWidth: 999
Flags: W
HStem: -227 131<277.375 376.698> -8 21<552 572> 0 44<208.684 493.191> 602 43<142.523 402.995> 633 20<71 91>
VStem: 42 39<478.917 529.438> 259 138<-206.57 -114.045> 563 39<126.175 174.083>
DStem2: 28 38 213 72 0.568656 0.822575<114.375 672.078>
LayerCount: 2
Fore
Refer: 664 729 S 1 0 0 1 169 -755 2
Refer: 275 90 N 1 0 0 1 0 0 3
LCarets2: 1 0
EndChar
