StartChar: uni1F01
Encoding: 7937 7937 1473
Width: 654
VWidth: 999
Flags: W
HStem: -10 42<227.588 315.076> -8 72<508.415 582.02> 402 42<230.296 321.765> 520 17<259.813 276> 623 76<221.39 273.256>
VStem: 36 140<99.0926 306.594> 170 50<560.697 643.5>
DStem2: 441 312 485.133 130.771 0.446646 0.894711<0 154.467>
LayerCount: 2
Fore
Refer: 1399 701 S 1 0 0 1 143 40 2
Refer: 719 945 N 1 0 0 1 0 0 3
Validated: 32769
EndChar
