StartChar: uni1E94
Encoding: 7828 7828 836
Width: 624
VWidth: 999
Flags: W
HStem: -167 50<179.16 438.536> -8 21<552 572> 0 44<208.684 493.191> 602 43<142.523 402.995> 633 20<71 91>
VStem: 42 39<478.917 529.438> 177 264<-166.598 -117.228> 563 39<126.175 174.083>
DStem2: 28 38 213 72 0.568656 0.822575<114.375 672.078>
LayerCount: 2
Fore
Refer: 1688 817 S 1 0 0 1 549 -33 2
Refer: 275 90 N 1 0 0 1 0 0 3
LCarets2: 1 0
EndChar
