StartChar: uni1F6E
Encoding: 8046 8046 980
Width: 850
VWidth: 487
Flags: W
HStem: 0 81<273.848 427 634 784.152> 428 17<30.3529 48.1868> 532 75<34.6499 86.6104> 616 42<443.259 619.456> 618 57<95.202 177.288> 672 59<-24.832 61.3>
VStem: -61 26<626.846 654.367> 88 50<469.145 552> 191 26<699.217 724.692> 211 151<288.921 477.532> 701 151<292.132 483.209>
DStem2: 583 16 634 81 0.0830455 0.996546<69.0108 131.51>
LayerCount: 2
Fore
Refer: 1490 8143 N 1 0 0 1 -87 26 2
Refer: 711 937 S 1 0 0 1 157 0 2
Validated: 32769
LCarets2: 1 0
EndChar
