StartChar: uni1F8C
Encoding: 8076 8076 1559
Width: 1011
Flags: W
HStem: -10 68<840.5 946.909> -2 34<10.77 76.5762 174.992 244.23 428.77 507.035 671.842 740.23> 235 48<257.587 432> 537 189 541 17<-22.6471 -4.81323> 638 20<433.5 448.203> 645 75<-18.3501 33.6104>
VStem: 35 50<582.145 665> 776 121<61.0357 303>
DStem2: 113.983 102 172 79 0.390001 0.920814<-25.5008 179.412 231.412 451.365> 330.835 614 343.175 520 0.390001 0.920814<-540.408 -382.79 -329.399 -81.7439> 441 658 350.096 520 0.338836 -0.940845<99.0351 349.768 401.027 600.306>
LayerCount: 2
Fore
Refer: 1602 8126 S 1 0 0 1 685 0 2
Refer: 939 7948 N 1 0 0 1 0 0 2
Validated: 32769
EndChar
