StartChar: uni1F82
Encoding: 8066 8066 1549
Width: 654
VWidth: 999
Flags: W
HStem: -238 50<267.5 362.481> -10 42<227.588 315.076> -8 72<508.415 582.02> 402 42<230.296 321.765> 518 186 519 17<98.3529 116.187> 623 75<102.65 154.61>
VStem: 36 140<99.0926 306.594> 156 50<560.145 643> 178 121<-185.105 -64> 372 29<-175.603 -152.211>
DStem2: 441 312 485.133 130.771 0.446646 0.894711<0 154.467>
LayerCount: 2
Fore
Refer: 1485 890 N 1 0 0 1 72 18 2
Refer: 934 7938 N 1 0 0 1 0 0 3
Validated: 32769
EndChar
