StartChar: uni1F81
Encoding: 8065 8065 1548
Width: 654
VWidth: 999
Flags: W
HStem: -238 50<267.5 362.481> -10 42<227.588 315.076> -8 72<508.415 582.02> 402 42<230.296 321.765> 520 17<259.813 276> 623 76<221.39 273.256>
VStem: 36 140<99.0926 306.594> 170 50<560.697 643.5> 178 121<-185.105 -64> 372 29<-175.603 -152.211>
DStem2: 441 312 485.133 130.771 0.446646 0.894711<0 154.467>
LayerCount: 2
Fore
Refer: 1485 890 N 1 0 0 1 72 18 2
Refer: 1473 7937 N 1 0 0 1 0 0 3
Validated: 32769
EndChar
