StartChar: uni1FAC
Encoding: 8108 8108 1591
Width: 1164
Flags: W
HStem: -10 68<993.5 1099.91> 0 81<282.848 436 643 793.152> 537 189 541 17<-34.6471 -16.8132> 616 42<452.259 628.456> 645 75<-30.3501 21.6104>
VStem: 23 50<582.145 665> 220 151<288.921 477.532> 710 151<292.132 483.209> 929 121<61.0357 303>
DStem2: 592 16 643 81 0.0830455 0.996546<69.0108 131.51>
LayerCount: 2
Fore
Refer: 979 8044 N 1 0 0 1 0 0 2
Refer: 1602 8126 S 1 0 0 1 838 0 2
Validated: 32769
EndChar
