StartChar: uni1EB4
Encoding: 7860 7860 863
Width: 740
VWidth: 999
Flags: W
HStem: -2 34<3.77002 69.5762 167.992 237.23 421.77 500.035 664.842 733.23> 235 48<250.587 425> 638 20<426.5 441.203> 667.05 66.5<383.239 494.896> 703.15 67.45<266.044 375.614> 763 74<303.883 448.873>
VStem: 222.2 28.6<669.772 690.78> 242 28<866.109 888.75> 486 27<868.51 888.778> 509.3 30.8<752.833 767.862>
DStem2: 106.983 102 165 79 0.390001 0.920814<-25.5008 179.412 231.412 451.365> 323.835 614 336.175 520 0.390001 0.920814<-540.408 -382.79 -329.399 -81.7439> 434 658 343.096 520 0.338836 -0.940845<99.0351 349.768 401.027 600.306>
LayerCount: 2
Fore
Refer: 667 732 S 1.1 0 0 0.95 209 174 2
Refer: 24 65 N 1 0 0 1 0 0 3
Refer: 2271 58204 N 1 0 0 1 539 58 2
Validated: 32773
LCarets2: 1 0
EndChar
