StartChar: uni1FAD
Encoding: 8109 8109 1592
Width: 1158
Flags: W
HStem: -10 68<987.5 1093.91> 0 81<286.848 440 647 797.152> 535 189 541 17<41.813 58> 616 42<456.259 632.456> 644 76<3.3896 55.256>
VStem: -48 50<581.697 664.5> 224 151<288.921 477.532> 714 151<292.132 483.209> 923 121<61.0357 303>
DStem2: 596 16 647 81 0.0830455 0.996546<69.0108 131.51>
LayerCount: 2
Fore
Refer: 1545 8045 N 1 0 0 1 0 0 2
Refer: 1602 8126 S 1 0 0 1 832 0 2
Validated: 32769
EndChar
