StartChar: uni1FB7
Encoding: 8119 8119 1596
Width: 654
Flags: W
HStem: -238 50<267.5 362.481> -10 42<227.588 315.076> -8 72<508.415 582.02> 402 42<230.296 321.765> 539 57<258.202 340.288> 593 59<138.168 224.3>
VStem: 36 140<99.0926 306.594> 102 26<547.846 575.367> 178 121<-185.105 -64> 354 26<620.217 645.692> 372 29<-175.603 -152.211>
DStem2: 441 312 485.133 130.771 0.446646 0.894711<0 154.467>
LayerCount: 2
Fore
Refer: 1485 890 N 1 0 0 1 72 18 2
Refer: 997 8118 N 1 0 0 1 0 0 3
Validated: 32769
EndChar
