StartChar: uni1F34
Encoding: 7988 7988 957
Width: 354
VWidth: 999
Flags: W
HStem: -10 70<203.196 302.423> 382 34<35.6452 91.2285> 424 20<198.75 220> 512 189 516 17<-4.64706 13.1868> 620 75<-0.350098 51.6104>
VStem: 53 50<557.145 640> 102 130<67.3293 373.871>
LayerCount: 2
Fore
Refer: 1489 8142 S 1 0 0 1 -39 47 2
Refer: 727 953 N 1 0 0 1 0 0 3
Validated: 32769
LCarets2: 1 0
EndChar
