StartChar: uni1F0D
Encoding: 7949 7949 1479
Width: 740
VWidth: 999
Flags: W
HStem: -2 34<10.77 76.5762 174.992 244.23 428.77 507.035 671.842 740.23> 235 48<257.587 432> 535 189 541 17<70.813 87> 638 20<433.5 448.203> 644 76<32.3896 84.256>
VStem: -19 50<581.697 664.5>
DStem2: 113.983 102 172 79 0.390001 0.920814<-25.5008 179.412 231.412 451.365> 330.835 614 343.175 520 0.390001 0.920814<-540.408 -382.79 -329.399 -81.7439> 441 658 350.096 520 0.338836 -0.940845<99.0351 349.768 401.027 600.306>
LayerCount: 2
Fore
Refer: 1492 8158 S 1 0 0 1 -47 70 2
Refer: 688 913 N 1 0 0 1 7 0 2
Validated: 32769
EndChar
