StartChar: uni1F00
Encoding: 7936 7936 933
Width: 654
Flags: W
HStem: -10 42<227.588 315.076> -8 72<508.415 582.02> 402 42<230.296 321.765> 519 17<196.353 214.187> 623 75<200.65 252.61>
VStem: 36 140<99.0926 306.594> 254 50<560.145 643>
DStem2: 441 312 485.133 130.771 0.446646 0.894711<0 154.467>
LayerCount: 2
Fore
Refer: 1483 8127 S 1 0 0 1 165 46 2
Refer: 719 945 N 1 0 0 1 0 0 3
Validated: 32769
LCarets2: 1 0
EndChar
