StartChar: uni1F84
Encoding: 8068 8068 1551
Width: 654
VWidth: 999
Flags: W
HStem: -238 50<267.5 362.481> -10 42<227.588 315.076> -8 72<508.415 582.02> 402 42<230.296 321.765> 515 189 519 17<122.353 140.187> 623 75<126.65 178.61>
VStem: 36 140<99.0926 306.594> 178 121<-185.105 -64> 180 50<560.145 643> 372 29<-175.603 -152.211>
DStem2: 441 312 485.133 130.771 0.446646 0.894711<0 154.467>
LayerCount: 2
Fore
Refer: 1485 890 N 1 0 0 1 72 18 2
Refer: 935 7940 N 1 0 0 1 0 0 3
Validated: 32769
EndChar
