StartChar: uni1F0E
Encoding: 7950 7950 940
Width: 740
VWidth: 999
Flags: W
HStem: -2 34<24.77 90.5762 188.992 258.23 442.77 521.035 685.842 754.23> 235 48<271.587 446> 428 17<24.3529 42.1868> 532 75<28.6499 80.6104> 618 57<89.202 171.288> 638 20<447.5 462.203> 672 59<-30.832 55.3>
VStem: -67 26<626.846 654.367> 82 50<469.145 552> 185 26<699.217 724.692>
DStem2: 127.983 102 186 79 0.390001 0.920814<-25.5008 179.412 231.412 451.365> 344.835 614 357.175 520 0.390001 0.920814<-540.408 -382.79 -329.399 -81.7439> 455 658 364.096 520 0.338836 -0.940845<99.0351 349.768 401.027 600.306>
LayerCount: 2
Fore
Refer: 1490 8143 S 1 0 0 1 -93 26 2
Refer: 688 913 N 1 0 0 1 21 0 2
Validated: 32769
LCarets2: 1 0
EndChar
