StartChar: uni1D65
Encoding: 7525 7525 2379
Width: 314
VWidth: 157
Flags: W
HStem: 128 27<13 45.2829 107.004 136 215 248.993 286.875 321>
VStem: 12 309
DStem2: 177 -52 56 92 0.380277 -0.924872<-183.631 0> 177 -52 190 -104 0.398894 0.916997<0 184.394>
LayerCount: 2
Fore
Refer: 2247 57693 S 1 0 0 1 0 0 2
Validated: 32769
EndChar
