StartChar: uni1F05
Encoding: 7941 7941 1475
Width: 654
VWidth: 999
Flags: W
HStem: -10 42<227.588 315.076> -8 72<508.415 582.02> 402 42<230.296 321.765> 511 189 517 17<193.813 210> 620 76<155.39 207.256>
VStem: 36 140<99.0926 306.594> 104 50<557.697 640.5>
DStem2: 441 312 485.133 130.771 0.446646 0.894711<0 154.467>
LayerCount: 2
Fore
Refer: 1492 8158 S 1 0 0 1 76 46 2
Refer: 719 945 N 1 0 0 1 0 0 3
Validated: 32769
EndChar
