StartChar: uni1F86
Encoding: 8070 8070 1553
Width: 654
VWidth: 999
Flags: W
HStem: -246 50<249.5 344.481> -10 42<227.588 315.076> -8 72<508.415 582.02> 402 42<230.296 321.765> 481 17<190.353 208.187> 585 75<194.65 246.61> 671 57<255.202 337.288> 725 59<135.168 221.3>
VStem: 36 140<99.0926 306.594> 99 26<679.846 707.367> 160 121<-193.105 -72> 248 50<522.145 605> 351 26<752.217 777.692> 354 29<-183.603 -160.211>
DStem2: 441 312 485.133 130.771 0.446646 0.894711<0 154.467>
LayerCount: 2
Fore
Refer: 936 7942 S 1 0 0 1 0 0 3
Refer: 1485 890 N 1 0 0 1 54 10 2
Validated: 32769
EndChar
