StartChar: uni1FA9
Encoding: 8105 8105 1588
Width: 1014
Flags: W
HStem: -10 68<843.5 949.909> 0 81<135.848 289 496 646.152> 546 17<9.813 26> 616 42<305.259 481.456> 649 76<-28.6104 23.256>
VStem: -80 50<586.697 669.5> 73 151<288.921 477.532> 563 151<292.132 483.209> 779 121<61.0357 303>
DStem2: 445 16 496 81 0.0830455 0.996546<69.0108 131.51>
LayerCount: 2
Fore
Refer: 1543 8041 N 1 0 0 1 -80 0 2
Refer: 1602 8126 N 1 0 0 1 688 0 2
Validated: 32769
EndChar
