StartChar: uni1F8F
Encoding: 8079 8079 1562
Width: 1016
Flags: W
HStem: -10 68<845.5 951.909> -2 34<25.77 91.5762 189.992 259.23 443.77 522.035 686.842 755.23> 235 48<272.587 447> 431 17<128.813 145> 534 76<90.39 142.256> 617 57<113.202 195.288> 638 20<448.5 463.203> 671 59<-6.8317 79.3>
VStem: -43 26<625.846 653.367> 39 50<471.697 554.5> 209 26<698.217 723.692> 781 121<61.0357 303>
DStem2: 128.983 102 187 79 0.390001 0.920814<-25.5008 179.412 231.412 451.365> 345.835 614 358.175 520 0.390001 0.920814<-540.408 -382.79 -329.399 -81.7439> 456 658 365.096 520 0.338836 -0.940845<99.0351 349.768 401.027 600.306>
LayerCount: 2
Fore
Refer: 1602 8126 S 1 0 0 1 690 0 2
Refer: 1480 7951 N 1 0 0 1 0 0 2
Validated: 32769
EndChar
