StartChar: uni1F6F
Encoding: 8047 8047 1546
Width: 876
VWidth: 487
Flags: W
HStem: 0 81<300.848 454 661 811.152> 433 17<123.813 140> 536 76<85.39 137.256> 616 42<470.259 646.456> 619 57<108.202 190.288> 673 59<-11.8317 74.3>
VStem: -48 26<627.846 655.367> 34 50<473.697 556.5> 204 26<700.217 725.692> 238 151<288.921 477.532> 728 151<292.132 483.209>
DStem2: 610 16 661 81 0.0830455 0.996546<69.0108 131.51>
LayerCount: 2
Fore
Refer: 1493 8159 N 1 0 0 1 -84 -64 2
Refer: 711 937 S 1 0 0 1 184 0 2
Validated: 32769
EndChar
