StartChar: uni1F0B
Encoding: 7947 7947 1478
Width: 740
VWidth: 999
Flags: W
HStem: -2 34<18.77 84.5762 182.992 252.23 436.77 515.035 679.842 748.23> 235 48<265.587 440> 539 186 540 17<38.813 55> 638 20<441.5 456.203> 643 76<0.389603 52.256>
VStem: -51 50<580.697 663.5>
DStem2: 121.983 102 180 79 0.390001 0.920814<-25.5008 179.412 231.412 451.365> 338.835 614 351.175 520 0.390001 0.920814<-540.408 -382.79 -329.399 -81.7439> 449 658 358.096 520 0.338836 -0.940845<99.0351 349.768 401.027 600.306>
LayerCount: 2
Fore
Refer: 1491 8157 S 1 0 0 1 -80 68 2
Refer: 688 913 N 1 0 0 1 15 0 2
Validated: 32769
EndChar
