StartChar: uni1EAA
Encoding: 7850 7850 853
Width: 740
VWidth: 999
Flags: W
HStem: -2 33<3.625 68.0908 159.081 227.375 436.625 513.951 621.148 688.375> 241 42<241.019 440> 638 20<381.5 396.203> 799.3 41.8<377.8 473.5> 844.9 43.7<248 348.1> 881.95 9.5
VStem: 237 243
DStem2: 106.983 102 155 79 0.390001 0.920814<-30.5131 181.817 227.512 466.368> 334 638 340 555 0.390001 0.920814<-561.337 -408.806 -359.549 -74.0876> 389 658 346 555 0.338836 -0.940845<82.3371 370.098 415.035 619.885>
LayerCount: 2
Fore
Refer: 667 732 S 1.1 0 0 0.95 204 254 2
Refer: 24 65 N 1 0 0 1 0 0 3
Refer: 2269 58202 S 1 0 0 1 490 140 2
Validated: 32769
LCarets2: 1 0
EndChar
