StartChar: uni1E90
Encoding: 7824 7824 832
Width: 624
VWidth: 999
Flags: W
HStem: 0 38<164.006 456.037> 602 43<147.269 445.997> 633 20<81 101.5>
VStem: 61 30<499.068 531.283> 204 243 547 31<138.699 166.836>
DStem2: 49 38 172 72 0.583791 0.811904<78.6948 685.427>
LayerCount: 2
Fore
Refer: 275 90 N 1 0 0 1 0 0 3
Refer: 2269 58202 N 1 0 0 1 457 166 2
LCarets2: 1 0
EndChar
