StartChar: uni1FAE
Encoding: 8110 8110 1593
Width: 1132
Flags: W
HStem: -10 68<961.5 1067.91> 0 81<255.848 409 616 766.152> 428 17<12.3529 30.1868> 532 75<16.6499 68.6104> 616 42<425.259 601.456> 618 57<77.202 159.288> 672 59<-42.832 43.3>
VStem: -79 26<626.846 654.367> 70 50<469.145 552> 173 26<699.217 724.692> 193 151<288.921 477.532> 683 151<292.132 483.209> 897 121<61.0357 303>
DStem2: 565 16 616 81 0.0830455 0.996546<69.0108 131.51>
LayerCount: 2
Fore
Refer: 980 8046 N 1 0 0 1 -18 0 2
Refer: 1602 8126 S 1 0 0 1 806 0 2
Validated: 32769
EndChar
