StartChar: uni1FFC
Encoding: 8188 8188 1504
Width: 1003
VWidth: 487
Flags: W
HStem: -10 68<814.5 920.909> 0 81<116.848 270 477 627.152> 616 42<286.259 462.456>
VStem: 54 151<288.921 477.532> 544 151<292.132 483.209> 750 121<61.0357 303>
DStem2: 426 16 477 81 0.0830455 0.996546<69.0108 131.51>
LayerCount: 2
Fore
Refer: 711 937 N 1 0 0 1 0 0 2
Refer: 1602 8126 N 1 0 0 1 659 0 2
Validated: 32769
EndChar
