StartChar: uni1F69
Encoding: 8041 8041 1543
Width: 792
VWidth: 487
Flags: W
HStem: 0 81<215.848 369 576 726.152> 546 17<89.813 106> 616 42<385.259 561.456> 649 76<51.3896 103.256>
VStem: 0 50<586.697 669.5> 153 151<288.921 477.532> 643 151<292.132 483.209>
DStem2: 525 16 576 81 0.0830455 0.996546<69.0108 131.51>
LayerCount: 2
Fore
Refer: 1399 701 S 1 0 0 1 -27 66 2
Refer: 711 937 N 1 0 0 1 99 0 2
Validated: 32769
EndChar
