StartChar: uni1F8A
Encoding: 8074 8074 1557
Width: 1036
Flags: W
HStem: -10 68<865.5 971.909> -2 34<45.77 111.576 209.992 279.23 463.77 542.035 706.842 775.23> 235 48<292.587 467> 541 186 542 17<-29.6471 -11.8132> 638 20<468.5 483.203> 646 75<-25.3501 26.6104>
VStem: 28 50<583.145 666> 801 121<61.0357 303>
DStem2: 148.983 102 207 79 0.390001 0.920814<-25.5008 179.412 231.412 451.365> 365.835 614 378.175 520 0.390001 0.920814<-540.408 -382.79 -329.399 -81.7439> 476 658 385.096 520 0.338836 -0.940845<99.0351 349.768 401.027 600.306>
LayerCount: 2
Fore
Refer: 1602 8126 S 1 0 0 1 710 0 2
Refer: 938 7946 N 1 0 0 1 0 0 2
Validated: 32769
EndChar
