StartChar: uni1FB0
Encoding: 8112 8112 995
Width: 654
Flags: W
HStem: -10 42<227.588 315.076> -8 72<508.415 582.02> 402 42<230.296 321.765> 514 74<196.021 339.577>
VStem: 36 140<99.0926 306.594> 129 33<621.43 659.121> 377 32<624.913 659.188>
DStem2: 441 312 485.133 130.771 0.446646 0.894711<0 154.467>
LayerCount: 2
Fore
Refer: 663 728 S 1 0 0 1 91 0 2
Refer: 719 945 N 1 0 0 1 0 0 3
Validated: 32769
LCarets2: 1 0
EndChar
