StartChar: uni1FAB
Encoding: 8107 8107 1590
Width: 1188
Flags: W
HStem: -10 68<1017.5 1123.91> 0 81<322.848 476 683 833.152> 538 186 539 17<31.813 48> 616 42<492.259 668.456> 642 76<-6.6104 45.256>
VStem: -58 50<579.697 662.5> 260 151<288.921 477.532> 750 151<292.132 483.209> 953 121<61.0357 303>
DStem2: 632 16 683 81 0.0830455 0.996546<69.0108 131.51>
LayerCount: 2
Fore
Refer: 1544 8043 N 1 0 0 1 0 0 2
Refer: 1602 8126 S 1 0 0 1 862 0 2
Validated: 32769
EndChar
