StartChar: uni1F06
Encoding: 7942 7942 936
Width: 654
VWidth: 999
Flags: W
HStem: -10 42<227.588 315.076> -8 72<508.415 582.02> 402 42<230.296 321.765> 481 17<190.353 208.187> 585 75<194.65 246.61> 671 57<255.202 337.288> 725 59<135.168 221.3>
VStem: 36 140<99.0926 306.594> 99 26<679.846 707.367> 248 50<522.145 605> 351 26<752.217 777.692>
DStem2: 441 312 485.133 130.771 0.446646 0.894711<0 154.467>
LayerCount: 2
Fore
Refer: 719 945 N 1 0 0 1 0 0 3
Refer: 1490 8143 S 1 0 0 1 73 79 2
Validated: 32769
LCarets2: 1 0
EndChar
