StartChar: uni1F04
Encoding: 7940 7940 935
Width: 654
VWidth: 999
Flags: W
HStem: -10 42<227.588 315.076> -8 72<508.415 582.02> 402 42<230.296 321.765> 515 189 519 17<122.353 140.187> 623 75<126.65 178.61>
VStem: 36 140<99.0926 306.594> 180 50<560.145 643>
DStem2: 441 312 485.133 130.771 0.446646 0.894711<0 154.467>
LayerCount: 2
Fore
Refer: 719 945 N 1 0 0 1 0 0 3
Refer: 1489 8142 S 1 0 0 1 88 50 2
Validated: 32769
LCarets2: 1 0
EndChar
