StartChar: uni1EA4
Encoding: 7844 7844 847
Width: 740
VWidth: 999
Flags: W
HStem: -2 34<3.77002 69.5762 167.992 237.23 421.77 500.035 664.842 733.23> 235 48<250.587 425> 638 20<426.5 441.203> 698 136 869.8 105.6
VStem: 241 277 460.2 141.4
DStem2: 106.983 102 165 79 0.390001 0.920814<-25.5008 179.412 231.412 451.365> 323.835 614 336.175 520 0.390001 0.920814<-540.408 -382.79 -329.399 -81.7439> 434 658 343.096 520 0.338836 -0.940845<99.0351 349.768 401.027 600.306>
LayerCount: 2
Fore
Refer: 345 194 N 1 0 0 1 0 0 3
Refer: 2268 58201 N 0.7 0 0 0.8 666 309 2
Validated: 32769
LCarets2: 1 0
EndChar
