StartChar: uni1F6D
Encoding: 8045 8045 1545
Width: 863
VWidth: 487
Flags: W
HStem: 0 81<286.848 440 647 797.152> 535 189 541 17<41.813 58> 616 42<456.259 632.456> 644 76<3.3896 55.256>
VStem: -48 50<581.697 664.5> 224 151<288.921 477.532> 714 151<292.132 483.209>
DStem2: 596 16 647 81 0.0830455 0.996546<69.0108 131.51>
LayerCount: 2
Fore
Refer: 1492 8158 N 1 0 0 1 -76 70 2
Refer: 711 937 S 1 0 0 1 170 0 2
Validated: 32769
EndChar
