StartChar: uni1F02
Encoding: 7938 7938 934
Width: 654
VWidth: 999
Flags: W
HStem: -10 42<227.588 315.076> -8 72<508.415 582.02> 402 42<230.296 321.765> 518 186 519 17<98.3529 116.187> 623 75<102.65 154.61>
VStem: 36 140<99.0926 306.594> 156 50<560.145 643>
DStem2: 441 312 485.133 130.771 0.446646 0.894711<0 154.467>
LayerCount: 2
Fore
Refer: 1484 8141 S 1 0 0 1 64 47 2
Refer: 719 945 N 1 0 0 1 0 0 3
Validated: 32769
LCarets2: 1 0
EndChar
