StartChar: uni1F6B
Encoding: 8043 8043 1544
Width: 898
VWidth: 487
Flags: W
HStem: 0 81<322.848 476 683 833.152> 538 186 539 17<31.813 48> 616 42<492.259 668.456> 642 76<-6.6104 45.256>
VStem: -58 50<579.697 662.5> 260 151<288.921 477.532> 750 151<292.132 483.209>
DStem2: 632 16 683 81 0.0830455 0.996546<69.0108 131.51>
LayerCount: 2
Fore
Refer: 1491 8157 S 1 0 0 1 -87 67 2
Refer: 711 937 N 1 0 0 1 206 0 2
Validated: 32769
EndChar
