StartChar: uni1FAF
Encoding: 8111 8111 1594
Width: 1171
Flags: W
HStem: -10 68<1000.5 1106.91> 0 81<282.848 436 643 793.152> 433 17<105.813 122> 536 76<67.39 119.256> 616 42<452.259 628.456> 619 57<90.202 172.288> 673 59<-29.8317 56.3>
VStem: -66 26<627.846 655.367> 16 50<473.697 556.5> 186 26<700.217 725.692> 220 151<288.921 477.532> 710 151<292.132 483.209> 936 121<61.0357 303>
DStem2: 592 16 643 81 0.0830455 0.996546<69.0108 131.51>
LayerCount: 2
Fore
Refer: 1546 8047 N 1 0 0 1 -18 0 2
Refer: 1602 8126 S 1 0 0 1 845 0 2
Validated: 32769
EndChar
