StartChar: uni1EA2
Encoding: 7842 7842 845
Width: 740
VWidth: 999
Flags: W
HStem: -2 33<3.625 68.0908 159.081 227.375 436.625 513.951 621.148 688.375> 241 42<241.019 440> 638 20<381.5 396.203> 791 24<325 386>
VStem: 279 45<752 790> 346 26<666 705> 388 52<724 789>
DStem2: 106.983 102 155 79 0.390001 0.920814<-30.5131 181.817 227.512 466.368> 334 638 340 555 0.390001 0.920814<-561.337 -408.806 -359.549 -74.0876> 389 658 346 555 0.338836 -0.940845<82.3371 370.098 415.035 619.885>
LayerCount: 2
Fore
Refer: 24 65 N 1 0 0 1 0 0 3
Refer: 2258 58211 N 1 0 0 1 526 34 2
Validated: 32769
LCarets2: 1 0
EndChar
