StartChar: uni1F6A
Encoding: 8042 8042 978
Width: 916
VWidth: 487
Flags: W
HStem: 0 81<339.848 493 700 850.152> 538 186 539 17<-40.6471 -22.8132> 616 42<509.259 685.456> 643 75<-36.3501 15.6104>
VStem: 17 50<580.145 663> 277 151<288.921 477.532> 767 151<292.132 483.209>
DStem2: 649 16 700 81 0.0830455 0.996546<69.0108 131.51>
LayerCount: 2
Fore
Refer: 1484 8141 S 1 0 0 1 -75 67 2
Refer: 711 937 N 1 0 0 1 223 0 2
Validated: 32769
LCarets2: 1 0
EndChar
