StartChar: uni1FA8
Encoding: 8104 8104 1587
Width: 1008
Flags: W
HStem: -10 68<837.5 943.909> 0 81<136.848 290 497 647.152> 545 17<-50.6471 -32.8132> 616 42<306.259 482.456> 649 75<-46.3501 5.61042>
VStem: 7 50<586.145 669> 74 151<288.921 477.532> 564 151<292.132 483.209> 773 121<61.0357 303>
DStem2: 446 16 497 81 0.0830455 0.996546<69.0108 131.51>
LayerCount: 2
Fore
Refer: 977 8040 N 1 0 0 1 -53 0 2
Refer: 1602 8126 N 1 0 0 1 682 0 2
Validated: 32769
EndChar
