StartChar: uni1FFB
Encoding: 8187 8187 1033
Width: 749
Flags: W
HStem: 0 81<138.848 292 499 649.152> 542 183 616 42<308.259 484.456>
VStem: -26 150 76 151<288.921 477.532> 566 151<292.132 483.209>
DStem2: 448 16 499 81 0.0830455 0.996546<69.0108 131.51>
LayerCount: 2
Fore
Refer: 686 911 N 1 0 0 1 0 0 2
Validated: 32769
EndChar
