StartChar: uni1FAA
Encoding: 8106 8106 1589
Width: 1214
Flags: W
HStem: -9 68<1043.5 1149.91> 0 81<339.848 493 700 850.152> 538 186 539 17<-40.6471 -22.8132> 616 42<509.259 685.456> 643 75<-36.3501 15.6104>
VStem: 17 50<580.145 663> 277 151<288.921 477.532> 767 151<292.132 483.209> 979 121<62.0357 304>
DStem2: 649 16 700 81 0.0830455 0.996546<69.0108 131.51>
LayerCount: 2
Fore
Refer: 978 8042 N 1 0 0 1 0 0 2
Refer: 1602 8126 S 1 0 0 1 888 1 2
Validated: 32769
EndChar
