StartChar: uni2468
Encoding: 9320 9320 1778
Width: 871
VWidth: 999
Flags: HMW
LayerCount: 2
Fore
Refer: 1242 9675 N 1.41213 0 0 1.41423 -20 6 2
Refer: 17 57 S 0.65 0 0 0.65 270 114 2
EndChar
