StartChar: uni2471
Encoding: 9329 9329 1787
Width: 871
VWidth: 999
Flags: HMW
LayerCount: 2
Fore
Refer: 2151 56 S 0.65 0 0 0.65 388 115 2
Refer: 10 49 N 0.65 0 0 0.65 104 117 2
Refer: 1242 9675 N 1.41213 0 0 1.41423 -20 6 2
EndChar
