StartChar: uni2464
Encoding: 9316 9316 1774
Width: 871
VWidth: 999
Flags: HMW
LayerCount: 2
Fore
Refer: 1242 9675 N 1.41213 0 0 1.41423 -20 6 2
Refer: 14 53 S 0.65 0 0 0.65 256 119 2
EndChar
