StartChar: uni226B
Encoding: 8811 8811 1224
Width: 784
VWidth: 999
Flags: W
DStem2: 335 197 446 219 0.939793 -0.341743<-338.496 0> 446 175 335 197 0.939793 0.341743<-435.295 -96.7987> 632 193 743 215 0.939793 -0.341743<-338.496 0> 743 171 632 193 0.939793 0.341743<-435.295 -96.7987>
LayerCount: 2
Fore
Refer: 1223 8810 S -1 0 0 -1 785 433 2
Validated: 32769
EndChar
