StartChar: uni21AE
Encoding: 8622 8622 1179
Width: 1123
VWidth: 999
Flags: W
HStem: 235 61<253 894>
VStem: 420 300
DStem2: 420 -87 483 -87 0.319461 0.947599<20.126 741.875>
LayerCount: 2
Fore
Refer: 1171 8596 N 1 0 0 1 12 0 2
Refer: 9 47 N 1 0 0 1 418 -66 2
Validated: 32773
LCarets2: 1 0
EndChar
