StartChar: uni203B
Encoding: 8251 8251 1616
Width: 608
VWidth: 999
Flags: W
HStem: -96 142<257.875 352.72> 152 142<55.875 150.72 457.875 552.72> 399 142<257.875 352.72>
VStem: 32 142<176.003 270.125> 234 142<-71.997 22.125 423.003 517.125> 434 142<176.003 270.125>
LayerCount: 2
Fore
Refer: 256 46 N 1 0 0 1 183 -86 2
Refer: 256 46 N 1 0 0 1 383 162 2
Refer: 256 46 N 1 0 0 1 -19 162 2
Refer: 256 46 N 1 0 0 1 183 409 2
Refer: 308 124 N -0.559044 -0.42127 0.42127 -0.559044 263 400 2
Refer: 308 124 N 0.559044 -0.42127 0.42127 0.559044 150 136 2
EndChar
