StartChar: uni2470
Encoding: 9328 9328 1786
Width: 871
VWidth: 999
Flags: HMW
LayerCount: 2
Fore
Refer: 10 49 N 0.65 0 0 0.65 103 117 2
Refer: 1242 9675 N 1.41213 0 0 1.41423 -20 6 2
Refer: 16 55 S 0.65 0 0 0.65 382 120 2
EndChar
