StartChar: uni2469
Encoding: 9321 9321 1779
Width: 871
VWidth: 999
Flags: HMW
LayerCount: 2
Fore
Refer: 10 49 N 0.65 0 0 0.65 120 117 2
Refer: 1242 9675 N 1.41213 0 0 1.41423 -20 6 2
Refer: 257 48 S 0.65 0 0 0.65 388 123 2
EndChar
