StartChar: uni2466
Encoding: 9318 9318 1776
Width: 871
VWidth: 999
Flags: HMW
LayerCount: 2
Fore
Refer: 1242 9675 N 1.41213 0 0 1.41423 -20 6 2
Refer: 16 55 S 0.65 0 0 0.65 272 120 2
EndChar
