StartChar: uni220C
Encoding: 8716 8716 1705
Width: 501
VWidth: 487
Flags: W
HStem: -76 20<37 81.2067> 0 57<40 281.039> 258 56<49 403> 515 57<40 281.812>
VStem: 403 70<182.348 258 314 382.753>
DStem2: 332 640 295 652 0.33858 0.940938<-761.065 -1.23621>
LayerCount: 2
Fore
Refer: 1357 8713 N -1 0 0 -1 502 572 2
Validated: 32773
EndChar
