StartChar: uni226A
Encoding: 8810 8810 1223
Width: 784
VWidth: 999
Flags: W
DStem2: 42 262 153 240 0.939793 0.341743<96.7987 435.295> 153 240 42 218 0.939793 -0.341743<0 338.496> 339 258 450 236 0.939793 0.341743<96.7987 435.295> 450 236 339 214 0.939793 -0.341743<0 338.496>
LayerCount: 2
Fore
Refer: 19 60 N 1 0 0 1 297 -4 2
Refer: 19 60 N 1 0 0 1 0 0 2
Validated: 32769
EndChar
