StartChar: uni2463
Encoding: 9315 9315 1773
Width: 871
VWidth: 999
Flags: HMW
LayerCount: 2
Fore
Refer: 1242 9675 N 1.41213 0 0 1.41423 -20 6 2
Refer: 13 52 S 0.65 0 0 0.65 247 117 2
EndChar
