StartChar: uni2461
Encoding: 9313 9313 1771
Width: 871
VWidth: 999
Flags: HMW
LayerCount: 2
Fore
Refer: 1242 9675 N 1.41213 0 0 1.41423 -20 6 2
Refer: 11 50 S 0.65 0 0 0.65 265 116 2
EndChar
