StartChar: uni221C
Encoding: 8732 8732 1606
Width: 605
VWidth: 407
Flags: W
HStem: 363 30<101.504 161.126 266.056 310.153> 470 42<80 175 258 315> 696 51<572.5 652.5>
VStem: 175 83<401.951 470 512 686>
DStem2: 231 304 131 218 0.579931 -0.814665<12.0681 219.242> 359 126 380 0 0.266572 0.963815<0 606.288>
LayerCount: 2
Fore
Refer: 1073 8308 N 1 0 0 1 0 0 2
Refer: 1359 8730 N 1 0 0 1 0 0 3
Validated: 32773
EndChar
