StartChar: uni25C6
Encoding: 9670 9670 1796
Width: 666
VWidth: 999
Flags: HMW
LayerCount: 2
Fore
Refer: 1232 9632 S 0.707107 0.707107 -0.707107 0.707107 281 -141 2
Validated: 32769
EndChar
