StartChar: uni2460
Encoding: 9312 9312 1770
Width: 877
VWidth: 999
Flags: HW
HStem: -81.6823 52.3265<314.056 567.336> 115.7 22.1<332.601 384.118 506.482 557.999> 420.55 13.65<332.565 354.462> 500.5 13<475.85 482.025> 660.789 50.9123<314.056 567.627>
VStem: 45.3095 52.2488<188.704 442.361> 403.05 84.5<152.573 434.848> 786.678 50.8367<188.704 442.652>
LayerCount: 2
Fore
Refer: 1242 9675 N 1.41213 0 0 1.41423 -14 6 2
Refer: 10 49 S 0.65 0 0 0.65 249 117 2
EndChar
