StartChar: uni24EA
Encoding: 9450 9450 1790
Width: 871
VWidth: 999
Flags: HMW
LayerCount: 2
Fore
Refer: 257 48 S 0.65 0 0 0.65 274 123 2
Refer: 1242 9675 N 1.41213 0 0 1.41423 -20 6 2
EndChar
