StartChar: uni246E
Encoding: 9326 9326 1784
Width: 871
VWidth: 999
Flags: HMW
LayerCount: 2
Fore
Refer: 10 49 S 0.65 0 0 0.65 105 117 2
Refer: 1242 9675 N 1.41213 0 0 1.41423 -20 6 2
Refer: 14 53 S 0.65 0 0 0.65 390 119 2
EndChar
