StartChar: uni2126
Encoding: 8486 8486 1121
Width: 666
VWidth: 487
Flags: W
HStem: 0 81<116.848 270 477 627.152> 616 42<286.259 462.456>
VStem: 54 151<288.921 477.532> 544 151<292.132 483.209>
DStem2: 426 16 477 81 0.0830455 0.996546<69.0108 131.51>
LayerCount: 2
Fore
Refer: 711 937 S 1 0 0 1 0 0 2
Validated: 32769
EndChar
