StartChar: uni2298
Encoding: 8856 8856 2090
Width: 564
VWidth: 999
Flags: W
LayerCount: 2
Fore
Refer: 2088 8854 N 0.707107 0.707107 -0.707107 0.707107 234 -137 2
Validated: 32773
EndChar
