StartChar: uni25C7
Encoding: 9671 9671 1797
Width: 666
VWidth: 999
Flags: HMW
LayerCount: 2
Fore
Refer: 1233 9633 S 0.707107 0.707107 -0.707107 0.707107 281 -141 2
Validated: 32769
EndChar
