StartChar: uni246D
Encoding: 9325 9325 1783
Width: 871
VWidth: 999
Flags: HMW
LayerCount: 2
Fore
Refer: 10 49 S 0.65 0 0 0.65 105 117 2
Refer: 1242 9675 N 1.41213 0 0 1.41423 -20 6 2
Refer: 13 52 S 0.65 0 0 0.65 382 117 2
EndChar
