StartChar: uni2467
Encoding: 9319 9319 1777
Width: 871
VWidth: 999
Flags: HMW
LayerCount: 2
Fore
Refer: 2151 56 S 0.65 0 0 0.65 279 115 2
Refer: 1242 9675 N 1.41213 0 0 1.41423 -20 6 2
EndChar
