StartChar: uni2472
Encoding: 9330 9330 1788
Width: 871
VWidth: 999
Flags: HMW
LayerCount: 2
Fore
Refer: 1242 9675 N 1.41213 0 0 1.41423 -20 6 2
Refer: 10 49 N 0.65 0 0 0.65 115 117 2
Refer: 17 57 S 0.65 0 0 0.65 398 119 2
EndChar
