StartChar: uni2462
Encoding: 9314 9314 1772
Width: 871
VWidth: 999
Flags: HMW
LayerCount: 2
Fore
Refer: 1242 9675 N 1.41213 0 0 1.41423 -20 6 2
Refer: 12 51 S 0.65 0 0 0.65 276 123 2
EndChar
