StartChar: uni221B
Encoding: 8731 8731 1605
Width: 605
VWidth: 406
Flags: W
HStem: 359 30<110.784 183.197> 526 30<105 138.576> 679 30<120.601 187.273> 696 51<572.5 652.5>
VStem: 197 86<592.583 673.658> 214 95<419.827 517.995>
DStem2: 231 304 131 218 0.579931 -0.814665<12.0681 219.242> 359 126 380 0 0.266572 0.963815<0 606.288>
LayerCount: 2
Fore
Refer: 330 179 N 1 0 0 1 0 0 2
Refer: 1359 8730 N 1 0 0 1 0 0 3
Validated: 32769
EndChar
