StartChar: uni2473
Encoding: 9331 9331 1789
Width: 871
VWidth: 999
Flags: HMW
LayerCount: 2
Fore
Refer: 1242 9675 N 1.41213 0 0 1.41423 -20 6 2
Refer: 257 48 N 0.65 0 0 0.65 429 123 2
Refer: 11 50 N 0.65 0 0 0.65 136 117 2
EndChar
