StartChar: uniE002
Encoding: 57346 57346 1379
Width: 1157
VWidth: 999
Flags: W
TeX: 38 0
LayerCount: 2
Fore
Refer: 1378 57345 N -0.905882 0.423529 -0.423529 -0.905882 1209 283 2
Validated: 32769
EndChar
