StartChar: w.inferior
Encoding: 57694 57694 2248
Width: 445
VWidth: 633
Flags: W
HStem: 132 23<13 43.7523 99.5071 126 160 188.731 244.678 272 330 368.025 402.329 432>
DStem2: 161 -52 130 -105 0.347612 -0.937638<-188.13 0> 161 -52 164 -104 0.350425 0.936591<0 109.301> 248 101 199 100 0.347612 -0.937638<-24.9938 8.59883 44.3023 163.273> 305 -52 309 -104 0.367378 0.930072<0 188.463>
LayerCount: 2
Fore
Refer: 1395 695 S 1 0 0 1 0 -476 3
Validated: 32769
EndChar
