StartChar: y.inferior
Encoding: 57696 57696 2249
Width: 338
VWidth: 141
Flags: W
HStem: -259 41<53.7576 117.985> 132 24<17 54.187 113.006 145 220 252.992 294 329>
VStem: 17 310
DStem2: 182 -47 66 97 0.395829 -0.918324<-181.502 0> 147 -132 167 -161 0.395773 0.918348<-96.4127 18.7738 91.9117 274.162>
LayerCount: 2
Fore
Refer: 1396 696 S 1 0 0 1 0 -476 2
Validated: 32769
EndChar
