StartChar: z.inferior
Encoding: 57697 57697 2250
Width: 294
VWidth: 999
Flags: W
HStem: -112 34<107 221.973> 121 34<62.7793 170>
VStem: 23 27<77 104.917>
DStem2: 27 -92 107 -78 0.557396 0.830247<56.2151 256.55>
LayerCount: 2
Fore
Refer: 2177 57561 S 1 0 0 1 0 -476 3
Validated: 32769
EndChar
