StartChar: zacute.sc
Encoding: 57519 57519 2145
Width: 472
VWidth: 999
Flags: W
HStem: 0 42<186 355.223> 417 43<121.063 286>
VStem: 40 43<314.835 370.051>
DStem2: 36 34 185 45 0.548656 0.836048<90.9463 459.304>
LayerCount: 2
Fore
Refer: 670 769 N 1 0 0 1 405 0 2
Refer: 1844 57450 N 1 0 0 1 0 0 3
EndChar
