StartChar: zdotaccent.sc
Encoding: 57520 57520 2146
Width: 472
VWidth: 999
Flags: W
HStem: 0 42<186 355.223> 417 43<121.063 286> 528 131<202.375 301.698>
VStem: 40 43<314.835 370.051> 184 138<548.43 640.955>
DStem2: 36 34 185 45 0.548656 0.836048<90.9463 459.304>
LayerCount: 2
Fore
Refer: 664 729 S 1 0 0 1 94 0 2
Refer: 1844 57450 N 1 0 0 1 0 0 3
EndChar
